F-MAP@5,F-MAP@10,F-MAP@20,model,rank,beta,lambda_l2,lambda_keyphrase,lambda_latent,lambda_rating,learning_rate,epoch_rating,epoch_explanation,corruption,optimizer
0.0,0.0,0.0,S-E-CDE-VAE,200,0.0001,0.0001,1,0.1,1,0.0001,400,300,0.4,Adam
0.0,-0.06456349206349207,-0.03682720057720057,S-E-CDE-VAE,200,0.0001,0.0001,1,0.1,1,0.0001,400,300,0.4,Adam
0.0,0.0,0.0,S-E-CDE-VAE,200,0.0001,0.0001,1,0.1,1,0.0001,400,300,0.4,Adam
-0.09,-0.10956349206349207,-0.08031095946537123,S-E-CDE-VAE,200,0.0001,0.0001,1,0.1,1,0.0001,400,300,0.4,Adam
0.0,0.0,0.0,S-E-CDE-VAE,200,0.0001,0.0001,1,0.1,1,0.0001,400,300,0.4,Adam
0.0,0.0,0.0,S-E-CDE-VAE,200,0.0001,0.0001,1,0.1,1,0.0001,400,300,0.4,Adam
0.0,0.0,0.020880295100496337,S-E-CDE-VAE,200,0.0001,0.0001,1,0.1,1,0.0001,400,300,0.4,Adam
0.0,0.0,0.0,S-E-CDE-VAE,200,0.0001,0.0001,1,0.1,1,0.0001,400,300,0.4,Adam
0.0,0.0,0.0,S-E-CDE-VAE,200,0.0001,0.0001,1,0.1,1,0.0001,400,300,0.4,Adam
0.0,0.0,0.0,S-E-CDE-VAE,200,0.0001,0.0001,1,0.1,1,0.0001,400,300,0.4,Adam
0.0,0.0,0.0,S-E-CDE-VAE,200,0.0001,0.0001,1,0.1,1,0.0001,400,300,0.4,Adam
0.0,0.0,0.0,S-E-CDE-VAE,200,0.0001,0.0001,1,0.1,1,0.0001,400,300,0.4,Adam
0.0,0.0,0.0,S-E-CDE-VAE,200,0.0001,0.0001,1,0.1,1,0.0001,400,300,0.4,Adam
0.0,0.0,0.0,S-E-CDE-VAE,200,0.0001,0.0001,1,0.1,1,0.0001,400,300,0.4,Adam
0.0,0.0,0.0,S-E-CDE-VAE,200,0.0001,0.0001,1,0.1,1,0.0001,400,300,0.4,Adam
0.0,0.0,-0.0334385701587714,S-E-CDE-VAE,200,0.0001,0.0001,1,0.1,1,0.0001,400,300,0.4,Adam
0.0,0.0,0.005131578947368421,S-E-CDE-VAE,200,0.0001,0.0001,1,0.1,1,0.0001,400,300,0.4,Adam
0.0,0.0,0.0,S-E-CDE-VAE,200,0.0001,0.0001,1,0.1,1,0.0001,400,300,0.4,Adam
0.0,0.0,0.0,S-E-CDE-VAE,200,0.0001,0.0001,1,0.1,1,0.0001,400,300,0.4,Adam
0.0,0.0,0.0,S-E-CDE-VAE,200,0.0001,0.0001,1,0.1,1,0.0001,400,300,0.4,Adam
0.0,0.0,0.0,S-E-CDE-VAE,200,0.0001,0.0001,1,0.1,1,0.0001,400,300,0.4,Adam
0.0,0.0,0.0,S-E-CDE-VAE,200,0.0001,0.0001,1,0.1,1,0.0001,400,300,0.4,Adam
0.0,0.0,0.0,S-E-CDE-VAE,200,0.0001,0.0001,1,0.1,1,0.0001,400,300,0.4,Adam
0.0,0.0,0.0,S-E-CDE-VAE,200,0.0001,0.0001,1,0.1,1,0.0001,400,300,0.4,Adam
0.0,0.0,0.0,S-E-CDE-VAE,200,0.0001,0.0001,1,0.1,1,0.0001,400,300,0.4,Adam
0.0,0.0,0.0,S-E-CDE-VAE,200,0.0001,0.0001,1,0.1,1,0.0001,400,300,0.4,Adam
0.0,0.0,0.0,S-E-CDE-VAE,200,0.0001,0.0001,1,0.1,1,0.0001,400,300,0.4,Adam
0.45666666666666667,0.2928968253968254,0.1798869828571841,S-E-CDE-VAE,200,0.0001,0.0001,1,0.1,1,0.0001,400,300,0.4,Adam
0.0,0.06456349206349207,0.06572031619051742,S-E-CDE-VAE,200,0.0001,0.0001,1,0.1,1,0.0001,400,300,0.4,Adam
0.0,0.0,0.0,S-E-CDE-VAE,200,0.0001,0.0001,1,0.1,1,0.0001,400,300,0.4,Adam
0.0,0.047896825396825396,0.05738698285718409,S-E-CDE-VAE,200,0.0001,0.0001,1,0.1,1,0.0001,400,300,0.4,Adam
0.0,0.0,0.0,S-E-CDE-VAE,200,0.0001,0.0001,1,0.1,1,0.0001,400,300,0.4,Adam
0.25666666666666665,0.1928968253968254,0.12988698285718406,S-E-CDE-VAE,200,0.0001,0.0001,1,0.1,1,0.0001,400,300,0.4,Adam
0.0,-0.01,-0.038438570158771404,S-E-CDE-VAE,200,0.0001,0.0001,1,0.1,1,0.0001,400,300,0.4,Adam
0.0,0.06456349206349207,0.06572031619051742,S-E-CDE-VAE,200,0.0001,0.0001,1,0.1,1,0.0001,400,300,0.4,Adam
0.0,0.0,0.0,S-E-CDE-VAE,200,0.0001,0.0001,1,0.1,1,0.0001,400,300,0.4,Adam
0.0,0.0,0.0,S-E-CDE-VAE,200,0.0001,0.0001,1,0.1,1,0.0001,400,300,0.4,Adam
0.0,0.0,0.0,S-E-CDE-VAE,200,0.0001,0.0001,1,0.1,1,0.0001,400,300,0.4,Adam
0.0,0.0,-0.005131578947368421,S-E-CDE-VAE,200,0.0001,0.0001,1,0.1,1,0.0001,400,300,0.4,Adam
0.0,0.0,0.0,S-E-CDE-VAE,200,0.0001,0.0001,1,0.1,1,0.0001,400,300,0.4,Adam
0.0,0.0,0.0,S-E-CDE-VAE,200,0.0001,0.0001,1,0.1,1,0.0001,400,300,0.4,Adam
0.0,0.0,0.0,S-E-CDE-VAE,200,0.0001,0.0001,1,0.1,1,0.0001,400,300,0.4,Adam
0.0,0.0,0.0,S-E-CDE-VAE,200,0.0001,0.0001,1,0.1,1,0.0001,400,300,0.4,Adam
0.0,0.0,0.0,S-E-CDE-VAE,200,0.0001,0.0001,1,0.1,1,0.0001,400,300,0.4,Adam
0.0,0.0,0.0,S-E-CDE-VAE,200,0.0001,0.0001,1,0.1,1,0.0001,400,300,0.4,Adam
0.0,0.0,0.0,S-E-CDE-VAE,200,0.0001,0.0001,1,0.1,1,0.0001,400,300,0.4,Adam
0.0,0.0,0.0,S-E-CDE-VAE,200,0.0001,0.0001,1,0.1,1,0.0001,400,300,0.4,Adam
0.0,0.0,0.0,S-E-CDE-VAE,200,0.0001,0.0001,1,0.1,1,0.0001,400,300,0.4,Adam
0.0,0.0,0.0,S-E-CDE-VAE,200,0.0001,0.0001,1,0.1,1,0.0001,400,300,0.4,Adam
0.0,0.0,0.0,S-E-CDE-VAE,200,0.0001,0.0001,1,0.1,1,0.0001,400,300,0.4,Adam
0.0,0.0,0.0,S-E-CDE-VAE,200,0.0001,0.0001,1,0.1,1,0.0001,400,300,0.4,Adam
0.0,0.0,0.0,S-E-CDE-VAE,200,0.0001,0.0001,1,0.1,1,0.0001,400,300,0.4,Adam
0.0,0.0,0.0,S-E-CDE-VAE,200,0.0001,0.0001,1,0.1,1,0.0001,400,300,0.4,Adam
0.0,0.0,0.0,S-E-CDE-VAE,200,0.0001,0.0001,1,0.1,1,0.0001,400,300,0.4,Adam
0.0,0.0,0.0,S-E-CDE-VAE,200,0.0001,0.0001,1,0.1,1,0.0001,400,300,0.4,Adam
0.0,0.0,0.0,S-E-CDE-VAE,200,0.0001,0.0001,1,0.1,1,0.0001,400,300,0.4,Adam
0.0,0.0,0.0,S-E-CDE-VAE,200,0.0001,0.0001,1,0.1,1,0.0001,400,300,0.4,Adam
0.0,0.0,0.0,S-E-CDE-VAE,200,0.0001,0.0001,1,0.1,1,0.0001,400,300,0.4,Adam
0.0,0.0,0.0,S-E-CDE-VAE,200,0.0001,0.0001,1,0.1,1,0.0001,400,300,0.4,Adam
0.0,-0.047896825396825396,-0.05738698285718409,S-E-CDE-VAE,200,0.0001,0.0001,1,0.1,1,0.0001,400,300,0.4,Adam
0.0,0.0,0.0,S-E-CDE-VAE,200,0.0001,0.0001,1,0.1,1,0.0001,400,300,0.4,Adam
0.0,0.0,0.0,S-E-CDE-VAE,200,0.0001,0.0001,1,0.1,1,0.0001,400,300,0.4,Adam
0.0,0.0,0.0,S-E-CDE-VAE,200,0.0001,0.0001,1,0.1,1,0.0001,400,300,0.4,Adam
0.0,0.0,0.0,S-E-CDE-VAE,200,0.0001,0.0001,1,0.1,1,0.0001,400,300,0.4,Adam
0.0,0.0,0.0,S-E-CDE-VAE,200,0.0001,0.0001,1,0.1,1,0.0001,400,300,0.4,Adam
0.0,0.0,0.0,S-E-CDE-VAE,200,0.0001,0.0001,1,0.1,1,0.0001,400,300,0.4,Adam
0.0,0.0,0.0,S-E-CDE-VAE,200,0.0001,0.0001,1,0.1,1,0.0001,400,300,0.4,Adam
0.0,0.0,0.0,S-E-CDE-VAE,200,0.0001,0.0001,1,0.1,1,0.0001,400,300,0.4,Adam
0.0,0.0,0.0,S-E-CDE-VAE,200,0.0001,0.0001,1,0.1,1,0.0001,400,300,0.4,Adam
0.0,0.0,0.0025,S-E-CDE-VAE,200,0.0001,0.0001,1,0.1,1,0.0001,400,300,0.4,Adam
0.0,0.0,0.0,S-E-CDE-VAE,200,0.0001,0.0001,1,0.1,1,0.0001,400,300,0.4,Adam
0.0,0.0,0.0,S-E-CDE-VAE,200,0.0001,0.0001,1,0.1,1,0.0001,400,300,0.4,Adam
0.0,0.0,0.0,S-E-CDE-VAE,200,0.0001,0.0001,1,0.1,1,0.0001,400,300,0.4,Adam
0.0,0.0,0.0,S-E-CDE-VAE,200,0.0001,0.0001,1,0.1,1,0.0001,400,300,0.4,Adam
0.0,-0.06456349206349207,-0.03682720057720057,S-E-CDE-VAE,200,0.0001,0.0001,1,0.1,1,0.0001,400,300,0.4,Adam
0.0,0.0,0.0,S-E-CDE-VAE,200,0.0001,0.0001,1,0.1,1,0.0001,400,300,0.4,Adam
0.0,0.0,-0.0334385701587714,S-E-CDE-VAE,200,0.0001,0.0001,1,0.1,1,0.0001,400,300,0.4,Adam
0.0,0.0,0.0,S-E-CDE-VAE,200,0.0001,0.0001,1,0.1,1,0.0001,400,300,0.4,Adam
0.0,0.0,0.0,S-E-CDE-VAE,200,0.0001,0.0001,1,0.1,1,0.0001,400,300,0.4,Adam
0.0,0.0,0.0,S-E-CDE-VAE,200,0.0001,0.0001,1,0.1,1,0.0001,400,300,0.4,Adam
0.0,0.0,0.0,S-E-CDE-VAE,200,0.0001,0.0001,1,0.1,1,0.0001,400,300,0.4,Adam
0.0,0.0,0.0,S-E-CDE-VAE,200,0.0001,0.0001,1,0.1,1,0.0001,400,300,0.4,Adam
0.0,0.06456349206349207,0.03682720057720057,S-E-CDE-VAE,200,0.0001,0.0001,1,0.1,1,0.0001,400,300,0.4,Adam
0.0,0.0,0.0,S-E-CDE-VAE,200,0.0001,0.0001,1,0.1,1,0.0001,400,300,0.4,Adam
0.0,0.0,0.0,S-E-CDE-VAE,200,0.0001,0.0001,1,0.1,1,0.0001,400,300,0.4,Adam
0.0,0.0,0.0,S-E-CDE-VAE,200,0.0001,0.0001,1,0.1,1,0.0001,400,300,0.4,Adam
0.0,-0.047896825396825396,-0.05738698285718409,S-E-CDE-VAE,200,0.0001,0.0001,1,0.1,1,0.0001,400,300,0.4,Adam
0.0,0.0,0.0,S-E-CDE-VAE,200,0.0001,0.0001,1,0.1,1,0.0001,400,300,0.4,Adam
0.0,-0.06456349206349207,-0.06572031619051742,S-E-CDE-VAE,200,0.0001,0.0001,1,0.1,1,0.0001,400,300,0.4,Adam
0.0,-0.05789682539682539,-0.07494525791545915,S-E-CDE-VAE,200,0.0001,0.0001,1,0.1,1,0.0001,400,300,0.4,Adam
-0.15666666666666665,-0.09500000000000001,-0.0475,S-E-CDE-VAE,200,0.0001,0.0001,1,0.1,1,0.0001,400,300,0.4,Adam
0.0,0.0,0.0,S-E-CDE-VAE,200,0.0001,0.0001,1,0.1,1,0.0001,400,300,0.4,Adam
0.0,0.0,0.0,S-E-CDE-VAE,200,0.0001,0.0001,1,0.1,1,0.0001,400,300,0.4,Adam
0.0,0.0,0.0,S-E-CDE-VAE,200,0.0001,0.0001,1,0.1,1,0.0001,400,300,0.4,Adam
0.0,0.0,0.0,S-E-CDE-VAE,200,0.0001,0.0001,1,0.1,1,0.0001,400,300,0.4,Adam
0.0,0.0,0.0,S-E-CDE-VAE,200,0.0001,0.0001,1,0.1,1,0.0001,400,300,0.4,Adam
0.0,0.0,-0.0079093567251462,S-E-CDE-VAE,200,0.0001,0.0001,1,0.1,1,0.0001,400,300,0.4,Adam
0.0,0.0,0.0,S-E-CDE-VAE,200,0.0001,0.0001,1,0.1,1,0.0001,400,300,0.4,Adam
0.0,0.0,0.0,S-E-CDE-VAE,200,0.0001,0.0001,1,0.1,1,0.0001,400,300,0.4,Adam
0.0,0.0,0.0,S-E-CDE-VAE,200,0.0001,0.0001,1,0.1,1,0.0001,400,300,0.4,Adam
0.0,0.0,0.0,S-E-CDE-VAE,200,0.0001,0.0001,1,0.1,1,0.0001,400,300,0.4,Adam
0.0,0.0,0.0,S-E-CDE-VAE,200,0.0001,0.0001,1,0.1,1,0.0001,400,300,0.4,Adam
0.0,0.0,0.0,S-E-CDE-VAE,200,0.0001,0.0001,1,0.1,1,0.0001,400,300,0.4,Adam
0.0,0.0,0.0,S-E-CDE-VAE,200,0.0001,0.0001,1,0.1,1,0.0001,400,300,0.4,Adam
0.0,0.0,0.0,S-E-CDE-VAE,200,0.0001,0.0001,1,0.1,1,0.0001,400,300,0.4,Adam
0.0,0.0,0.0,S-E-CDE-VAE,200,0.0001,0.0001,1,0.1,1,0.0001,400,300,0.4,Adam
0.2966666666666667,0.2563492063492063,0.15076264013764012,S-E-CDE-VAE,200,0.0001,0.0001,1,0.1,1,0.0001,400,300,0.4,Adam
0.0,0.03361111111111111,0.05024412571432696,S-E-CDE-VAE,200,0.0001,0.0001,1,0.1,1,0.0001,400,300,0.4,Adam
0.0,0.0,0.0,S-E-CDE-VAE,200,0.0001,0.0001,1,0.1,1,0.0001,400,300,0.4,Adam
0.0,0.0,0.0,S-E-CDE-VAE,200,0.0001,0.0001,1,0.1,1,0.0001,400,300,0.4,Adam
0.0,0.0,0.0,S-E-CDE-VAE,200,0.0001,0.0001,1,0.1,1,0.0001,400,300,0.4,Adam
0.25666666666666665,0.1928968253968254,0.12988698285718406,S-E-CDE-VAE,200,0.0001,0.0001,1,0.1,1,0.0001,400,300,0.4,Adam
0.0,0.0,0.0,S-E-CDE-VAE,200,0.0001,0.0001,1,0.1,1,0.0001,400,300,0.4,Adam
0.0,0.0,0.0,S-E-CDE-VAE,200,0.0001,0.0001,1,0.1,1,0.0001,400,300,0.4,Adam
0.0,0.0,0.0,S-E-CDE-VAE,200,0.0001,0.0001,1,0.1,1,0.0001,400,300,0.4,Adam
0.0,0.0,0.0,S-E-CDE-VAE,200,0.0001,0.0001,1,0.1,1,0.0001,400,300,0.4,Adam
0.0,0.0,0.0,S-E-CDE-VAE,200,0.0001,0.0001,1,0.1,1,0.0001,400,300,0.4,Adam
0.0,0.0,0.0,S-E-CDE-VAE,200,0.0001,0.0001,1,0.1,1,0.0001,400,300,0.4,Adam
0.0,0.0,-0.010850533195734433,S-E-CDE-VAE,200,0.0001,0.0001,1,0.1,1,0.0001,400,300,0.4,Adam
0.0,0.0,-0.013975533195734432,S-E-CDE-VAE,200,0.0001,0.0001,1,0.1,1,0.0001,400,300,0.4,Adam
0.0,0.0,0.0,S-E-CDE-VAE,200,0.0001,0.0001,1,0.1,1,0.0001,400,300,0.4,Adam
0.0,0.0,0.0,S-E-CDE-VAE,200,0.0001,0.0001,1,0.1,1,0.0001,400,300,0.4,Adam
-0.1,-0.04999999999999999,-0.024999999999999967,S-E-CDE-VAE,200,0.0001,0.0001,1,0.1,1,0.0001,400,300,0.4,Adam
0.0,0.0,0.0,S-E-CDE-VAE,200,0.0001,0.0001,1,0.1,1,0.0001,400,300,0.4,Adam
0.0,0.0,0.0,S-E-CDE-VAE,200,0.0001,0.0001,1,0.1,1,0.0001,400,300,0.4,Adam
0.0,0.0,0.0,S-E-CDE-VAE,200,0.0001,0.0001,1,0.1,1,0.0001,400,300,0.4,Adam
0.0,0.0,0.0,S-E-CDE-VAE,200,0.0001,0.0001,1,0.1,1,0.0001,400,300,0.4,Adam
0.0,0.0,0.0,S-E-CDE-VAE,200,0.0001,0.0001,1,0.1,1,0.0001,400,300,0.4,Adam
-0.15666666666666665,-0.1428968253968254,-0.10488698285718409,S-E-CDE-VAE,200,0.0001,0.0001,1,0.1,1,0.0001,400,300,0.4,Adam
0.0,0.0,0.0,S-E-CDE-VAE,200,0.0001,0.0001,1,0.1,1,0.0001,400,300,0.4,Adam
0.0,0.0,0.0,S-E-CDE-VAE,200,0.0001,0.0001,1,0.1,1,0.0001,400,300,0.4,Adam
0.0,0.0,0.020880295100496337,S-E-CDE-VAE,200,0.0001,0.0001,1,0.1,1,0.0001,400,300,0.4,Adam
0.0,0.0,0.0,S-E-CDE-VAE,200,0.0001,0.0001,1,0.1,1,0.0001,400,300,0.4,Adam
-0.09,-0.13067460317460317,-0.13221444190484438,S-E-CDE-VAE,200,0.0001,0.0001,1,0.1,1,0.0001,400,300,0.4,Adam
0.0,0.0,0.0,S-E-CDE-VAE,200,0.0001,0.0001,1,0.1,1,0.0001,400,300,0.4,Adam
0.0,0.0,0.0,S-E-CDE-VAE,200,0.0001,0.0001,1,0.1,1,0.0001,400,300,0.4,Adam
0.0,0.0,0.0,S-E-CDE-VAE,200,0.0001,0.0001,1,0.1,1,0.0001,400,300,0.4,Adam
-0.45666666666666667,-0.2928968253968254,-0.1798869828571841,S-E-CDE-VAE,200,0.0001,0.0001,1,0.1,1,0.0001,400,300,0.4,Adam
0.0,0.0,0.0,S-E-CDE-VAE,200,0.0001,0.0001,1,0.1,1,0.0001,400,300,0.4,Adam
0.0,0.0,0.0,S-E-CDE-VAE,200,0.0001,0.0001,1,0.1,1,0.0001,400,300,0.4,Adam
0.0,0.0,0.028893115613316856,S-E-CDE-VAE,200,0.0001,0.0001,1,0.1,1,0.0001,400,300,0.4,Adam
0.0,0.0,0.0,S-E-CDE-VAE,200,0.0001,0.0001,1,0.1,1,0.0001,400,300,0.4,Adam
0.0,0.0,0.0,S-E-CDE-VAE,200,0.0001,0.0001,1,0.1,1,0.0001,400,300,0.4,Adam
0.0,0.0,-0.02244044547643619,S-E-CDE-VAE,200,0.0001,0.0001,1,0.1,1,0.0001,400,300,0.4,Adam
0.0,0.0,0.0,S-E-CDE-VAE,200,0.0001,0.0001,1,0.1,1,0.0001,400,300,0.4,Adam
0.0,0.0,0.0,S-E-CDE-VAE,200,0.0001,0.0001,1,0.1,1,0.0001,400,300,0.4,Adam
0.0,0.0,0.0,S-E-CDE-VAE,200,0.0001,0.0001,1,0.1,1,0.0001,400,300,0.4,Adam
0.0,0.0,0.0,S-E-CDE-VAE,200,0.0001,0.0001,1,0.1,1,0.0001,400,300,0.4,Adam
0.0,0.0,0.0,S-E-CDE-VAE,200,0.0001,0.0001,1,0.1,1,0.0001,400,300,0.4,Adam
0.0,0.0,0.0,S-E-CDE-VAE,200,0.0001,0.0001,1,0.1,1,0.0001,400,300,0.4,Adam
0.0,0.0,0.0,S-E-CDE-VAE,200,0.0001,0.0001,1,0.1,1,0.0001,400,300,0.4,Adam
0.0,0.0,0.0,S-E-CDE-VAE,200,0.0001,0.0001,1,0.1,1,0.0001,400,300,0.4,Adam
0.0,0.0,0.0,S-E-CDE-VAE,200,0.0001,0.0001,1,0.1,1,0.0001,400,300,0.4,Adam
0.0,0.0,0.0,S-E-CDE-VAE,200,0.0001,0.0001,1,0.1,1,0.0001,400,300,0.4,Adam
0.0,0.0,0.0,S-E-CDE-VAE,200,0.0001,0.0001,1,0.1,1,0.0001,400,300,0.4,Adam
0.0,0.0,0.0,S-E-CDE-VAE,200,0.0001,0.0001,1,0.1,1,0.0001,400,300,0.4,Adam
0.0,0.0,-0.05431886525926773,S-E-CDE-VAE,200,0.0001,0.0001,1,0.1,1,0.0001,400,300,0.4,Adam
0.0,0.0,0.0,S-E-CDE-VAE,200,0.0001,0.0001,1,0.1,1,0.0001,400,300,0.4,Adam
0.0,0.0,0.0,S-E-CDE-VAE,200,0.0001,0.0001,1,0.1,1,0.0001,400,300,0.4,Adam
0.0,0.0,-0.010750915750915755,S-E-CDE-VAE,200,0.0001,0.0001,1,0.1,1,0.0001,400,300,0.4,Adam
0.0,0.0,0.0,S-E-CDE-VAE,200,0.0001,0.0001,1,0.1,1,0.0001,400,300,0.4,Adam
0.0,0.0,-0.017308866529067764,S-E-CDE-VAE,200,0.0001,0.0001,1,0.1,1,0.0001,400,300,0.4,Adam
0.0,0.0,0.0,S-E-CDE-VAE,200,0.0001,0.0001,1,0.1,1,0.0001,400,300,0.4,Adam
0.0,0.0,0.0,S-E-CDE-VAE,200,0.0001,0.0001,1,0.1,1,0.0001,400,300,0.4,Adam
0.0,0.0,0.0,S-E-CDE-VAE,200,0.0001,0.0001,1,0.1,1,0.0001,400,300,0.4,Adam
0.0,0.0,0.0,S-E-CDE-VAE,200,0.0001,0.0001,1,0.1,1,0.0001,400,300,0.4,Adam
0.0,0.0,0.0,S-E-CDE-VAE,200,0.0001,0.0001,1,0.1,1,0.0001,400,300,0.4,Adam
0.0,0.0,0.0,S-E-CDE-VAE,200,0.0001,0.0001,1,0.1,1,0.0001,400,300,0.4,Adam
0.0,0.0,0.0,S-E-CDE-VAE,200,0.0001,0.0001,1,0.1,1,0.0001,400,300,0.4,Adam
0.0,0.0,0.0,S-E-CDE-VAE,200,0.0001,0.0001,1,0.1,1,0.0001,400,300,0.4,Adam
0.0,0.0,0.0,S-E-CDE-VAE,200,0.0001,0.0001,1,0.1,1,0.0001,400,300,0.4,Adam
0.0,0.0,0.0,S-E-CDE-VAE,200,0.0001,0.0001,1,0.1,1,0.0001,400,300,0.4,Adam
0.0,0.0,0.0,S-E-CDE-VAE,200,0.0001,0.0001,1,0.1,1,0.0001,400,300,0.4,Adam
0.0,0.0,0.0,S-E-CDE-VAE,200,0.0001,0.0001,1,0.1,1,0.0001,400,300,0.4,Adam
0.0,0.0,0.0,S-E-CDE-VAE,200,0.0001,0.0001,1,0.1,1,0.0001,400,300,0.4,Adam
0.0,0.0,0.0,S-E-CDE-VAE,200,0.0001,0.0001,1,0.1,1,0.0001,400,300,0.4,Adam
0.0,0.0,0.0,S-E-CDE-VAE,200,0.0001,0.0001,1,0.1,1,0.0001,400,300,0.4,Adam
0.0,0.0,0.0,S-E-CDE-VAE,200,0.0001,0.0001,1,0.1,1,0.0001,400,300,0.4,Adam
0.0,0.0,0.0,S-E-CDE-VAE,200,0.0001,0.0001,1,0.1,1,0.0001,400,300,0.4,Adam
0.0,0.0,0.0,S-E-CDE-VAE,200,0.0001,0.0001,1,0.1,1,0.0001,400,300,0.4,Adam
0.0,0.0,0.0,S-E-CDE-VAE,200,0.0001,0.0001,1,0.1,1,0.0001,400,300,0.4,Adam
-0.04,-0.08456349206349206,-0.07572031619051742,S-E-CDE-VAE,200,0.0001,0.0001,1,0.1,1,0.0001,400,300,0.4,Adam
0.0,-0.01,-0.0225163929208047,S-E-CDE-VAE,200,0.0001,0.0001,1,0.1,1,0.0001,400,300,0.4,Adam
0.0,-0.06456349206349207,-0.06572031619051742,S-E-CDE-VAE,200,0.0001,0.0001,1,0.1,1,0.0001,400,300,0.4,Adam
0.0,0.0,0.0,S-E-CDE-VAE,200,0.0001,0.0001,1,0.1,1,0.0001,400,300,0.4,Adam
0.0,0.0,0.0,S-E-CDE-VAE,200,0.0001,0.0001,1,0.1,1,0.0001,400,300,0.4,Adam
0.0,0.0,0.0,S-E-CDE-VAE,200,0.0001,0.0001,1,0.1,1,0.0001,400,300,0.4,Adam
0.0,0.0,0.0,S-E-CDE-VAE,200,0.0001,0.0001,1,0.1,1,0.0001,400,300,0.4,Adam
-0.25666666666666665,-0.1717857142857143,-0.0858928571428571,S-E-CDE-VAE,200,0.0001,0.0001,1,0.1,1,0.0001,400,300,0.4,Adam
0.0,0.0,0.0,S-E-CDE-VAE,200,0.0001,0.0001,1,0.1,1,0.0001,400,300,0.4,Adam
0.0,0.0,0.0,S-E-CDE-VAE,200,0.0001,0.0001,1,0.1,1,0.0001,400,300,0.4,Adam
0.0,0.0,0.0,S-E-CDE-VAE,200,0.0001,0.0001,1,0.1,1,0.0001,400,300,0.4,Adam
0.0,0.0,0.0,S-E-CDE-VAE,200,0.0001,0.0001,1,0.1,1,0.0001,400,300,0.4,Adam
0.0,0.0,0.0,S-E-CDE-VAE,200,0.0001,0.0001,1,0.1,1,0.0001,400,300,0.4,Adam
0.0,0.0,0.0,S-E-CDE-VAE,200,0.0001,0.0001,1,0.1,1,0.0001,400,300,0.4,Adam
0.0,0.0,0.0,S-E-CDE-VAE,200,0.0001,0.0001,1,0.1,1,0.0001,400,300,0.4,Adam
0.0,0.0,0.0,S-E-CDE-VAE,200,0.0001,0.0001,1,0.1,1,0.0001,400,300,0.4,Adam
0.0,0.0,0.0,S-E-CDE-VAE,200,0.0001,0.0001,1,0.1,1,0.0001,400,300,0.4,Adam
0.0,0.0,-0.019463036963036966,S-E-CDE-VAE,200,0.0001,0.0001,1,0.1,1,0.0001,400,300,0.4,Adam
0.0,0.0,0.0,S-E-CDE-VAE,200,0.0001,0.0001,1,0.1,1,0.0001,400,300,0.4,Adam
0.0,0.0,0.0,S-E-CDE-VAE,200,0.0001,0.0001,1,0.1,1,0.0001,400,300,0.4,Adam
0.0,0.0,0.0,S-E-CDE-VAE,200,0.0001,0.0001,1,0.1,1,0.0001,400,300,0.4,Adam
0.0,-0.021111111111111112,-0.03608476898918076,S-E-CDE-VAE,200,0.0001,0.0001,1,0.1,1,0.0001,400,300,0.4,Adam
0.0,0.0,0.0,S-E-CDE-VAE,200,0.0001,0.0001,1,0.1,1,0.0001,400,300,0.4,Adam
0.0,0.0,0.0,S-E-CDE-VAE,200,0.0001,0.0001,1,0.1,1,0.0001,400,300,0.4,Adam
0.0,0.0,0.0,S-E-CDE-VAE,200,0.0001,0.0001,1,0.1,1,0.0001,400,300,0.4,Adam
0.0,0.0,0.0,S-E-CDE-VAE,200,0.0001,0.0001,1,0.1,1,0.0001,400,300,0.4,Adam
0.0,0.0,0.0,S-E-CDE-VAE,200,0.0001,0.0001,1,0.1,1,0.0001,400,300,0.4,Adam
0.3666666666666667,0.1833333333333333,0.09679824561403508,S-E-CDE-VAE,200,0.0001,0.0001,1,0.1,1,0.0001,400,300,0.4,Adam
0.0,0.0,0.0,S-E-CDE-VAE,200,0.0001,0.0001,1,0.1,1,0.0001,400,300,0.4,Adam
0.0,0.0,0.0,S-E-CDE-VAE,200,0.0001,0.0001,1,0.1,1,0.0001,400,300,0.4,Adam
0.0,0.0,0.0,S-E-CDE-VAE,200,0.0001,0.0001,1,0.1,1,0.0001,400,300,0.4,Adam
0.0,-0.021111111111111112,-0.04399412571432696,S-E-CDE-VAE,200,0.0001,0.0001,1,0.1,1,0.0001,400,300,0.4,Adam
0.0,0.0,0.0,S-E-CDE-VAE,200,0.0001,0.0001,1,0.1,1,0.0001,400,300,0.4,Adam
0.0,0.0,0.0,S-E-CDE-VAE,200,0.0001,0.0001,1,0.1,1,0.0001,400,300,0.4,Adam
0.0,0.0,0.0,S-E-CDE-VAE,200,0.0001,0.0001,1,0.1,1,0.0001,400,300,0.4,Adam
0.0,0.0,-0.028893115613316856,S-E-CDE-VAE,200,0.0001,0.0001,1,0.1,1,0.0001,400,300,0.4,Adam
0.0,0.0,0.0,S-E-CDE-VAE,200,0.0001,0.0001,1,0.1,1,0.0001,400,300,0.4,Adam
0.0,0.0,0.0,S-E-CDE-VAE,200,0.0001,0.0001,1,0.1,1,0.0001,400,300,0.4,Adam
0.0,0.0,0.0,S-E-CDE-VAE,200,0.0001,0.0001,1,0.1,1,0.0001,400,300,0.4,Adam
0.0,0.0,0.0,S-E-CDE-VAE,200,0.0001,0.0001,1,0.1,1,0.0001,400,300,0.4,Adam
0.0,0.0,0.0,S-E-CDE-VAE,200,0.0001,0.0001,1,0.1,1,0.0001,400,300,0.4,Adam
0.0,0.0,0.0,S-E-CDE-VAE,200,0.0001,0.0001,1,0.1,1,0.0001,400,300,0.4,Adam
0.0,0.0,0.0,S-E-CDE-VAE,200,0.0001,0.0001,1,0.1,1,0.0001,400,300,0.4,Adam
0.0,0.0,0.0,S-E-CDE-VAE,200,0.0001,0.0001,1,0.1,1,0.0001,400,300,0.4,Adam
0.0,0.0,0.023761536665948435,S-E-CDE-VAE,200,0.0001,0.0001,1,0.1,1,0.0001,400,300,0.4,Adam
0.0,0.0,0.0,S-E-CDE-VAE,200,0.0001,0.0001,1,0.1,1,0.0001,400,300,0.4,Adam
0.0,0.0,0.0,S-E-CDE-VAE,200,0.0001,0.0001,1,0.1,1,0.0001,400,300,0.4,Adam
0.25666666666666665,0.1928968253968254,0.10516053391053387,S-E-CDE-VAE,200,0.0001,0.0001,1,0.1,1,0.0001,400,300,0.4,Adam
0.0,0.021111111111111112,0.06130299224339473,S-E-CDE-VAE,200,0.0001,0.0001,1,0.1,1,0.0001,400,300,0.4,Adam
0.0,0.0,0.0,S-E-CDE-VAE,200,0.0001,0.0001,1,0.1,1,0.0001,400,300,0.4,Adam
0.0,0.0,0.0,S-E-CDE-VAE,200,0.0001,0.0001,1,0.1,1,0.0001,400,300,0.4,Adam
0.0,0.0,0.0,S-E-CDE-VAE,200,0.0001,0.0001,1,0.1,1,0.0001,400,300,0.4,Adam
0.0,0.0,0.0,S-E-CDE-VAE,200,0.0001,0.0001,1,0.1,1,0.0001,400,300,0.4,Adam
0.0,0.0,0.0,S-E-CDE-VAE,200,0.0001,0.0001,1,0.1,1,0.0001,400,300,0.4,Adam
0.0,0.0,0.0,S-E-CDE-VAE,200,0.0001,0.0001,1,0.1,1,0.0001,400,300,0.4,Adam
0.0,0.0,0.0,S-E-CDE-VAE,200,0.0001,0.0001,1,0.1,1,0.0001,400,300,0.4,Adam
0.0,0.0,0.0,S-E-CDE-VAE,200,0.0001,0.0001,1,0.1,1,0.0001,400,300,0.4,Adam
0.0,0.0,0.0,S-E-CDE-VAE,200,0.0001,0.0001,1,0.1,1,0.0001,400,300,0.4,Adam
0.0,0.0,0.0,S-E-CDE-VAE,200,0.0001,0.0001,1,0.1,1,0.0001,400,300,0.4,Adam
0.0,0.0,0.0,S-E-CDE-VAE,200,0.0001,0.0001,1,0.1,1,0.0001,400,300,0.4,Adam
0.0,0.0,0.0,S-E-CDE-VAE,200,0.0001,0.0001,1,0.1,1,0.0001,400,300,0.4,Adam
0.0,-0.047896825396825396,-0.05738698285718409,S-E-CDE-VAE,200,0.0001,0.0001,1,0.1,1,0.0001,400,300,0.4,Adam
0.0,0.0,0.0,S-E-CDE-VAE,200,0.0001,0.0001,1,0.1,1,0.0001,400,300,0.4,Adam
0.0,0.0,0.0,S-E-CDE-VAE,200,0.0001,0.0001,1,0.1,1,0.0001,400,300,0.4,Adam
0.0,0.0,0.0,S-E-CDE-VAE,200,0.0001,0.0001,1,0.1,1,0.0001,400,300,0.4,Adam
0.0,0.0,0.0,S-E-CDE-VAE,200,0.0001,0.0001,1,0.1,1,0.0001,400,300,0.4,Adam
0.0,0.0,0.0,S-E-CDE-VAE,200,0.0001,0.0001,1,0.1,1,0.0001,400,300,0.4,Adam
0.0,0.0,0.0,S-E-CDE-VAE,200,0.0001,0.0001,1,0.1,1,0.0001,400,300,0.4,Adam
0.0,0.0,0.0,S-E-CDE-VAE,200,0.0001,0.0001,1,0.1,1,0.0001,400,300,0.4,Adam
0.0,0.0,0.0,S-E-CDE-VAE,200,0.0001,0.0001,1,0.1,1,0.0001,400,300,0.4,Adam
0.0,0.0,0.0,S-E-CDE-VAE,200,0.0001,0.0001,1,0.1,1,0.0001,400,300,0.4,Adam
0.0,0.0,-0.008012820512820519,S-E-CDE-VAE,200,0.0001,0.0001,1,0.1,1,0.0001,400,300,0.4,Adam
0.0,0.0,0.0,S-E-CDE-VAE,200,0.0001,0.0001,1,0.1,1,0.0001,400,300,0.4,Adam
0.0,0.0,0.0,S-E-CDE-VAE,200,0.0001,0.0001,1,0.1,1,0.0001,400,300,0.4,Adam
0.0,0.0,0.0,S-E-CDE-VAE,200,0.0001,0.0001,1,0.1,1,0.0001,400,300,0.4,Adam
0.0,-0.01,-0.013712121212121217,S-E-CDE-VAE,200,0.0001,0.0001,1,0.1,1,0.0001,400,300,0.4,Adam
0.0,0.0,0.0,S-E-CDE-VAE,200,0.0001,0.0001,1,0.1,1,0.0001,400,300,0.4,Adam
0.0,0.0,0.0,S-E-CDE-VAE,200,0.0001,0.0001,1,0.1,1,0.0001,400,300,0.4,Adam
0.0,0.0,0.0,S-E-CDE-VAE,200,0.0001,0.0001,1,0.1,1,0.0001,400,300,0.4,Adam
0.0,0.0,0.0,S-E-CDE-VAE,200,0.0001,0.0001,1,0.1,1,0.0001,400,300,0.4,Adam
0.0,0.0,0.0,S-E-CDE-VAE,200,0.0001,0.0001,1,0.1,1,0.0001,400,300,0.4,Adam
0.0,0.0,0.0,S-E-CDE-VAE,200,0.0001,0.0001,1,0.1,1,0.0001,400,300,0.4,Adam
0.0,0.0,0.0,S-E-CDE-VAE,200,0.0001,0.0001,1,0.1,1,0.0001,400,300,0.4,Adam
0.0,0.0,0.0,S-E-CDE-VAE,200,0.0001,0.0001,1,0.1,1,0.0001,400,300,0.4,Adam
0.0,0.0,0.0,S-E-CDE-VAE,200,0.0001,0.0001,1,0.1,1,0.0001,400,300,0.4,Adam
0.0,0.0,0.0,S-E-CDE-VAE,200,0.0001,0.0001,1,0.1,1,0.0001,400,300,0.4,Adam
0.0,0.0,0.0,S-E-CDE-VAE,200,0.0001,0.0001,1,0.1,1,0.0001,400,300,0.4,Adam
0.0,0.0,0.0,S-E-CDE-VAE,200,0.0001,0.0001,1,0.1,1,0.0001,400,300,0.4,Adam
0.0,0.0,0.0,S-E-CDE-VAE,200,0.0001,0.0001,1,0.1,1,0.0001,400,300,0.4,Adam
0.04,0.06345238095238095,0.031726190476190456,S-E-CDE-VAE,200,0.0001,0.0001,1,0.1,1,0.0001,400,300,0.4,Adam
0.0,-0.01,-0.038438570158771404,S-E-CDE-VAE,200,0.0001,0.0001,1,0.1,1,0.0001,400,300,0.4,Adam
0.0,0.0,0.0,S-E-CDE-VAE,200,0.0001,0.0001,1,0.1,1,0.0001,400,300,0.4,Adam
0.0,0.0,0.0,S-E-CDE-VAE,200,0.0001,0.0001,1,0.1,1,0.0001,400,300,0.4,Adam
0.0,0.0,0.0,S-E-CDE-VAE,200,0.0001,0.0001,1,0.1,1,0.0001,400,300,0.4,Adam
0.0,0.0,0.0,S-E-CDE-VAE,200,0.0001,0.0001,1,0.1,1,0.0001,400,300,0.4,Adam
0.0,0.0,0.0,S-E-CDE-VAE,200,0.0001,0.0001,1,0.1,1,0.0001,400,300,0.4,Adam
0.0,0.0,0.0,S-E-CDE-VAE,200,0.0001,0.0001,1,0.1,1,0.0001,400,300,0.4,Adam
0.0,0.0,0.0,S-E-CDE-VAE,200,0.0001,0.0001,1,0.1,1,0.0001,400,300,0.4,Adam
0.0,0.0,0.0,S-E-CDE-VAE,200,0.0001,0.0001,1,0.1,1,0.0001,400,300,0.4,Adam
0.0,0.0,0.0,S-E-CDE-VAE,200,0.0001,0.0001,1,0.1,1,0.0001,400,300,0.4,Adam
0.0,0.0,0.0,S-E-CDE-VAE,200,0.0001,0.0001,1,0.1,1,0.0001,400,300,0.4,Adam
0.0,0.0,0.005131578947368421,S-E-CDE-VAE,200,0.0001,0.0001,1,0.1,1,0.0001,400,300,0.4,Adam
0.0,0.0,0.0,S-E-CDE-VAE,200,0.0001,0.0001,1,0.1,1,0.0001,400,300,0.4,Adam
0.0,-0.021111111111111112,-0.07743269587309835,S-E-CDE-VAE,200,0.0001,0.0001,1,0.1,1,0.0001,400,300,0.4,Adam
0.0,-0.03361111111111111,-0.05024412571432696,S-E-CDE-VAE,200,0.0001,0.0001,1,0.1,1,0.0001,400,300,0.4,Adam
0.0,0.0,0.0,S-E-CDE-VAE,200,0.0001,0.0001,1,0.1,1,0.0001,400,300,0.4,Adam
0.0,0.06456349206349207,0.040993867243867235,S-E-CDE-VAE,200,0.0001,0.0001,1,0.1,1,0.0001,400,300,0.4,Adam
0.0,0.0,0.0,S-E-CDE-VAE,200,0.0001,0.0001,1,0.1,1,0.0001,400,300,0.4,Adam
0.0,0.0,0.0,S-E-CDE-VAE,200,0.0001,0.0001,1,0.1,1,0.0001,400,300,0.4,Adam
0.0,0.0,0.0,S-E-CDE-VAE,200,0.0001,0.0001,1,0.1,1,0.0001,400,300,0.4,Adam
0.0,0.047896825396825396,0.028493867243867235,S-E-CDE-VAE,200,0.0001,0.0001,1,0.1,1,0.0001,400,300,0.4,Adam
0.0,0.0,0.0,S-E-CDE-VAE,200,0.0001,0.0001,1,0.1,1,0.0001,400,300,0.4,Adam
0.0,0.0,0.0,S-E-CDE-VAE,200,0.0001,0.0001,1,0.1,1,0.0001,400,300,0.4,Adam
0.0,0.0,0.0,S-E-CDE-VAE,200,0.0001,0.0001,1,0.1,1,0.0001,400,300,0.4,Adam
0.0,0.0,0.0,S-E-CDE-VAE,200,0.0001,0.0001,1,0.1,1,0.0001,400,300,0.4,Adam
0.0,0.0,0.0,S-E-CDE-VAE,200,0.0001,0.0001,1,0.1,1,0.0001,400,300,0.4,Adam
0.0,0.0,0.0,S-E-CDE-VAE,200,0.0001,0.0001,1,0.1,1,0.0001,400,300,0.4,Adam
0.0,0.0,0.0,S-E-CDE-VAE,200,0.0001,0.0001,1,0.1,1,0.0001,400,300,0.4,Adam
0.0,0.0,0.0,S-E-CDE-VAE,200,0.0001,0.0001,1,0.1,1,0.0001,400,300,0.4,Adam
0.0,0.0,0.0,S-E-CDE-VAE,200,0.0001,0.0001,1,0.1,1,0.0001,400,300,0.4,Adam
0.0,0.0,0.0,S-E-CDE-VAE,200,0.0001,0.0001,1,0.1,1,0.0001,400,300,0.4,Adam
0.0,0.0,0.0,S-E-CDE-VAE,200,0.0001,0.0001,1,0.1,1,0.0001,400,300,0.4,Adam
0.0,0.0,0.0,S-E-CDE-VAE,200,0.0001,0.0001,1,0.1,1,0.0001,400,300,0.4,Adam
0.0,0.0,0.0,S-E-CDE-VAE,200,0.0001,0.0001,1,0.1,1,0.0001,400,300,0.4,Adam
0.0,0.0,0.0,S-E-CDE-VAE,200,0.0001,0.0001,1,0.1,1,0.0001,400,300,0.4,Adam
0.0,0.0,0.0,S-E-CDE-VAE,200,0.0001,0.0001,1,0.1,1,0.0001,400,300,0.4,Adam
0.0,0.0,0.0,S-E-CDE-VAE,200,0.0001,0.0001,1,0.1,1,0.0001,400,300,0.4,Adam
0.0,0.0,0.0,S-E-CDE-VAE,200,0.0001,0.0001,1,0.1,1,0.0001,400,300,0.4,Adam
0.0,0.0,0.0,S-E-CDE-VAE,200,0.0001,0.0001,1,0.1,1,0.0001,400,300,0.4,Adam
0.0,0.0,0.0,S-E-CDE-VAE,200,0.0001,0.0001,1,0.1,1,0.0001,400,300,0.4,Adam
0.0,0.0,0.0,S-E-CDE-VAE,200,0.0001,0.0001,1,0.1,1,0.0001,400,300,0.4,Adam
0.0,0.0,0.0,S-E-CDE-VAE,200,0.0001,0.0001,1,0.1,1,0.0001,400,300,0.4,Adam
0.0,0.0,0.0,S-E-CDE-VAE,200,0.0001,0.0001,1,0.1,1,0.0001,400,300,0.4,Adam
0.0,0.0,0.0,S-E-CDE-VAE,200,0.0001,0.0001,1,0.1,1,0.0001,400,300,0.4,Adam
0.0,0.0,0.0,S-E-CDE-VAE,200,0.0001,0.0001,1,0.1,1,0.0001,400,300,0.4,Adam
-0.16666666666666666,-0.08333333333333333,-0.07055978227998352,S-E-CDE-VAE,200,0.0001,0.0001,1,0.1,1,0.0001,400,300,0.4,Adam
0.0,0.0,0.0,S-E-CDE-VAE,200,0.0001,0.0001,1,0.1,1,0.0001,400,300,0.4,Adam
0.0,0.0,0.0,S-E-CDE-VAE,200,0.0001,0.0001,1,0.1,1,0.0001,400,300,0.4,Adam
0.0,0.0,0.0,S-E-CDE-VAE,200,0.0001,0.0001,1,0.1,1,0.0001,400,300,0.4,Adam
0.0,0.0,0.0,S-E-CDE-VAE,200,0.0001,0.0001,1,0.1,1,0.0001,400,300,0.4,Adam
0.0,0.0,0.0,S-E-CDE-VAE,200,0.0001,0.0001,1,0.1,1,0.0001,400,300,0.4,Adam
0.0,0.0,0.0,S-E-CDE-VAE,200,0.0001,0.0001,1,0.1,1,0.0001,400,300,0.4,Adam
0.0,0.0,0.0,S-E-CDE-VAE,200,0.0001,0.0001,1,0.1,1,0.0001,400,300,0.4,Adam
0.0,0.0,0.0,S-E-CDE-VAE,200,0.0001,0.0001,1,0.1,1,0.0001,400,300,0.4,Adam
0.0,0.0,0.0,S-E-CDE-VAE,200,0.0001,0.0001,1,0.1,1,0.0001,400,300,0.4,Adam
0.0,0.0,0.0,S-E-CDE-VAE,200,0.0001,0.0001,1,0.1,1,0.0001,400,300,0.4,Adam
0.0,0.0,0.0,S-E-CDE-VAE,200,0.0001,0.0001,1,0.1,1,0.0001,400,300,0.4,Adam
0.0,0.0,-0.013975533195734432,S-E-CDE-VAE,200,0.0001,0.0001,1,0.1,1,0.0001,400,300,0.4,Adam
0.0,0.0,0.0,S-E-CDE-VAE,200,0.0001,0.0001,1,0.1,1,0.0001,400,300,0.4,Adam
0.0,0.0,0.0,S-E-CDE-VAE,200,0.0001,0.0001,1,0.1,1,0.0001,400,300,0.4,Adam
0.0,0.0,0.0,S-E-CDE-VAE,200,0.0001,0.0001,1,0.1,1,0.0001,400,300,0.4,Adam
0.0,0.0,0.010850533195734433,S-E-CDE-VAE,200,0.0001,0.0001,1,0.1,1,0.0001,400,300,0.4,Adam
0.0,0.0,0.0,S-E-CDE-VAE,200,0.0001,0.0001,1,0.1,1,0.0001,400,300,0.4,Adam
0.25666666666666665,0.1928968253968254,0.12988698285718406,S-E-CDE-VAE,200,0.0001,0.0001,1,0.1,1,0.0001,400,300,0.4,Adam
0.0,0.0,0.0,S-E-CDE-VAE,200,0.0001,0.0001,1,0.1,1,0.0001,400,300,0.4,Adam
0.0,0.0,-0.0025,S-E-CDE-VAE,200,0.0001,0.0001,1,0.1,1,0.0001,400,300,0.4,Adam
0.0,0.0,0.0,S-E-CDE-VAE,200,0.0001,0.0001,1,0.1,1,0.0001,400,300,0.4,Adam
0.0,0.0,0.0,S-E-CDE-VAE,200,0.0001,0.0001,1,0.1,1,0.0001,400,300,0.4,Adam
0.0,0.0,0.0,S-E-CDE-VAE,200,0.0001,0.0001,1,0.1,1,0.0001,400,300,0.4,Adam
0.0,0.0,0.0,S-E-CDE-VAE,200,0.0001,0.0001,1,0.1,1,0.0001,400,300,0.4,Adam
0.0,0.0,0.0,S-E-CDE-VAE,200,0.0001,0.0001,1,0.1,1,0.0001,400,300,0.4,Adam
0.0,0.0125,0.006249999999999999,S-E-CDE-VAE,200,0.0001,0.0001,1,0.1,1,0.0001,400,300,0.4,Adam
0.0,0.0,0.0,S-E-CDE-VAE,200,0.0001,0.0001,1,0.1,1,0.0001,400,300,0.4,Adam
0.0,0.0,0.0,S-E-CDE-VAE,200,0.0001,0.0001,1,0.1,1,0.0001,400,300,0.4,Adam
0.0,0.0,0.0,S-E-CDE-VAE,200,0.0001,0.0001,1,0.1,1,0.0001,400,300,0.4,Adam
0.0,0.0,0.0,S-E-CDE-VAE,200,0.0001,0.0001,1,0.1,1,0.0001,400,300,0.4,Adam
0.0,0.0,-0.005131578947368421,S-E-CDE-VAE,200,0.0001,0.0001,1,0.1,1,0.0001,400,300,0.4,Adam
0.0,0.0,0.0,S-E-CDE-VAE,200,0.0001,0.0001,1,0.1,1,0.0001,400,300,0.4,Adam
0.0,0.0,0.0,S-E-CDE-VAE,200,0.0001,0.0001,1,0.1,1,0.0001,400,300,0.4,Adam
-0.09,-0.045,-0.022500000000000006,S-E-CDE-VAE,200,0.0001,0.0001,1,0.1,1,0.0001,400,300,0.4,Adam
0.0,0.0,0.0,S-E-CDE-VAE,200,0.0001,0.0001,1,0.1,1,0.0001,400,300,0.4,Adam
0.0,-0.06456349206349207,-0.08660061129101378,S-E-CDE-VAE,200,0.0001,0.0001,1,0.1,1,0.0001,400,300,0.4,Adam
0.0,0.0,0.0,S-E-CDE-VAE,200,0.0001,0.0001,1,0.1,1,0.0001,400,300,0.4,Adam
0.0,0.0,0.0,S-E-CDE-VAE,200,0.0001,0.0001,1,0.1,1,0.0001,400,300,0.4,Adam
0.0,0.0,0.0,S-E-CDE-VAE,200,0.0001,0.0001,1,0.1,1,0.0001,400,300,0.4,Adam
0.0,0.0,0.0,S-E-CDE-VAE,200,0.0001,0.0001,1,0.1,1,0.0001,400,300,0.4,Adam
0.0,0.0,-0.024726448946650187,S-E-CDE-VAE,200,0.0001,0.0001,1,0.1,1,0.0001,400,300,0.4,Adam
0.0,0.0,-0.013975533195734432,S-E-CDE-VAE,200,0.0001,0.0001,1,0.1,1,0.0001,400,300,0.4,Adam
0.0,-0.01,-0.038438570158771404,S-E-CDE-VAE,200,0.0001,0.0001,1,0.1,1,0.0001,400,300,0.4,Adam
0.0,0.0,0.0,S-E-CDE-VAE,200,0.0001,0.0001,1,0.1,1,0.0001,400,300,0.4,Adam
0.0,0.0,0.0,S-E-CDE-VAE,200,0.0001,0.0001,1,0.1,1,0.0001,400,300,0.4,Adam
-0.19666666666666666,-0.22746031746031745,-0.1806072990477015,S-E-CDE-VAE,200,0.0001,0.0001,1,0.1,1,0.0001,400,300,0.4,Adam
0.0,0.0,0.0,S-E-CDE-VAE,200,0.0001,0.0001,1,0.1,1,0.0001,400,300,0.4,Adam
0.0,0.0,0.0,S-E-CDE-VAE,200,0.0001,0.0001,1,0.1,1,0.0001,400,300,0.4,Adam
-0.15666666666666665,-0.1428968253968254,-0.10488698285718409,S-E-CDE-VAE,200,0.0001,0.0001,1,0.1,1,0.0001,400,300,0.4,Adam
0.0,0.0,0.0,S-E-CDE-VAE,200,0.0001,0.0001,1,0.1,1,0.0001,400,300,0.4,Adam
0.0,0.0,0.0,S-E-CDE-VAE,200,0.0001,0.0001,1,0.1,1,0.0001,400,300,0.4,Adam
0.0,0.0,0.0,S-E-CDE-VAE,200,0.0001,0.0001,1,0.1,1,0.0001,400,300,0.4,Adam
0.0,-0.03361111111111111,-0.05024412571432696,S-E-CDE-VAE,200,0.0001,0.0001,1,0.1,1,0.0001,400,300,0.4,Adam
0.0,0.0,0.0,S-E-CDE-VAE,200,0.0001,0.0001,1,0.1,1,0.0001,400,300,0.4,Adam
0.0,0.0,0.0,S-E-CDE-VAE,200,0.0001,0.0001,1,0.1,1,0.0001,400,300,0.4,Adam
0.0,0.0,0.0,S-E-CDE-VAE,200,0.0001,0.0001,1,0.1,1,0.0001,400,300,0.4,Adam
0.0,0.01,0.038438570158771404,S-E-CDE-VAE,200,0.0001,0.0001,1,0.1,1,0.0001,400,300,0.4,Adam
0.0,0.0,0.0,S-E-CDE-VAE,200,0.0001,0.0001,1,0.1,1,0.0001,400,300,0.4,Adam
-0.2966666666666667,-0.27746031746031746,-0.1976979423225553,S-E-CDE-VAE,200,0.0001,0.0001,1,0.1,1,0.0001,400,300,0.4,Adam
0.0,0.0,0.0,S-E-CDE-VAE,200,0.0001,0.0001,1,0.1,1,0.0001,400,300,0.4,Adam
0.0,-0.03361111111111111,-0.07497057466097715,S-E-CDE-VAE,200,0.0001,0.0001,1,0.1,1,0.0001,400,300,0.4,Adam
0.0,0.0,0.0,S-E-CDE-VAE,200,0.0001,0.0001,1,0.1,1,0.0001,400,300,0.4,Adam
0.0,0.0,0.0,S-E-CDE-VAE,200,0.0001,0.0001,1,0.1,1,0.0001,400,300,0.4,Adam
0.0,0.0,0.0,S-E-CDE-VAE,200,0.0001,0.0001,1,0.1,1,0.0001,400,300,0.4,Adam
0.0,0.03361111111111111,0.05815348243947316,S-E-CDE-VAE,200,0.0001,0.0001,1,0.1,1,0.0001,400,300,0.4,Adam
0.0,0.0,0.0,S-E-CDE-VAE,200,0.0001,0.0001,1,0.1,1,0.0001,400,300,0.4,Adam
0.0,0.0,0.0,S-E-CDE-VAE,200,0.0001,0.0001,1,0.1,1,0.0001,400,300,0.4,Adam
0.0,0.0,0.0,S-E-CDE-VAE,200,0.0001,0.0001,1,0.1,1,0.0001,400,300,0.4,Adam
0.0,0.0,0.0,S-E-CDE-VAE,200,0.0001,0.0001,1,0.1,1,0.0001,400,300,0.4,Adam
0.0,0.0,0.0,S-E-CDE-VAE,200,0.0001,0.0001,1,0.1,1,0.0001,400,300,0.4,Adam
0.0,0.0,0.0,S-E-CDE-VAE,200,0.0001,0.0001,1,0.1,1,0.0001,400,300,0.4,Adam
0.0,0.0,0.0,S-E-CDE-VAE,200,0.0001,0.0001,1,0.1,1,0.0001,400,300,0.4,Adam
0.0,0.0,0.0,S-E-CDE-VAE,200,0.0001,0.0001,1,0.1,1,0.0001,400,300,0.4,Adam
0.0,0.0,0.0,S-E-CDE-VAE,200,0.0001,0.0001,1,0.1,1,0.0001,400,300,0.4,Adam
0.0,0.0,0.0,S-E-CDE-VAE,200,0.0001,0.0001,1,0.1,1,0.0001,400,300,0.4,Adam
0.0,0.0,0.0,S-E-CDE-VAE,200,0.0001,0.0001,1,0.1,1,0.0001,400,300,0.4,Adam
0.0,0.0,0.0,S-E-CDE-VAE,200,0.0001,0.0001,1,0.1,1,0.0001,400,300,0.4,Adam
0.0,-0.04789682539682538,-0.04341144966144961,S-E-CDE-VAE,200,0.0001,0.0001,1,0.1,1,0.0001,400,300,0.4,Adam
0.0,0.0,0.0,S-E-CDE-VAE,200,0.0001,0.0001,1,0.1,1,0.0001,400,300,0.4,Adam
0.4166666666666667,0.19722222222222222,0.0986111111111111,S-E-CDE-VAE,200,0.0001,0.0001,1,0.1,1,0.0001,400,300,0.4,Adam
0.0,0.0,0.0,S-E-CDE-VAE,200,0.0001,0.0001,1,0.1,1,0.0001,400,300,0.4,Adam
0.0,0.0,0.0,S-E-CDE-VAE,200,0.0001,0.0001,1,0.1,1,0.0001,400,300,0.4,Adam
0.0,0.0,0.0,S-E-CDE-VAE,200,0.0001,0.0001,1,0.1,1,0.0001,400,300,0.4,Adam
0.0,0.0,0.0,S-E-CDE-VAE,200,0.0001,0.0001,1,0.1,1,0.0001,400,300,0.4,Adam
0.0,0.0,0.0,S-E-CDE-VAE,200,0.0001,0.0001,1,0.1,1,0.0001,400,300,0.4,Adam
0.0,0.0,0.0,S-E-CDE-VAE,200,0.0001,0.0001,1,0.1,1,0.0001,400,300,0.4,Adam
0.0,0.0,0.0,S-E-CDE-VAE,200,0.0001,0.0001,1,0.1,1,0.0001,400,300,0.4,Adam
0.0,0.0,0.0,S-E-CDE-VAE,200,0.0001,0.0001,1,0.1,1,0.0001,400,300,0.4,Adam
0.0,0.0,0.0,S-E-CDE-VAE,200,0.0001,0.0001,1,0.1,1,0.0001,400,300,0.4,Adam
0.0,0.0,0.0,S-E-CDE-VAE,200,0.0001,0.0001,1,0.1,1,0.0001,400,300,0.4,Adam
0.0,0.0,0.0,S-E-CDE-VAE,200,0.0001,0.0001,1,0.1,1,0.0001,400,300,0.4,Adam
0.0,0.0,0.0,S-E-CDE-VAE,200,0.0001,0.0001,1,0.1,1,0.0001,400,300,0.4,Adam
0.0,0.0,0.0,S-E-CDE-VAE,200,0.0001,0.0001,1,0.1,1,0.0001,400,300,0.4,Adam
0.0,0.0,0.0,S-E-CDE-VAE,200,0.0001,0.0001,1,0.1,1,0.0001,400,300,0.4,Adam
0.0,0.0,-0.005131578947368421,S-E-CDE-VAE,200,0.0001,0.0001,1,0.1,1,0.0001,400,300,0.4,Adam
0.0,0.0,0.0,S-E-CDE-VAE,200,0.0001,0.0001,1,0.1,1,0.0001,400,300,0.4,Adam
0.0,0.0,0.0,S-E-CDE-VAE,200,0.0001,0.0001,1,0.1,1,0.0001,400,300,0.4,Adam
0.0,0.0,0.0,S-E-CDE-VAE,200,0.0001,0.0001,1,0.1,1,0.0001,400,300,0.4,Adam
0.0,0.0,0.0,S-E-CDE-VAE,200,0.0001,0.0001,1,0.1,1,0.0001,400,300,0.4,Adam
0.0,0.0,0.0,S-E-CDE-VAE,200,0.0001,0.0001,1,0.1,1,0.0001,400,300,0.4,Adam
0.0,0.0,0.0,S-E-CDE-VAE,200,0.0001,0.0001,1,0.1,1,0.0001,400,300,0.4,Adam
0.0,0.0,0.0,S-E-CDE-VAE,200,0.0001,0.0001,1,0.1,1,0.0001,400,300,0.4,Adam
0.0,-0.021111111111111112,-0.04399412571432696,S-E-CDE-VAE,200,0.0001,0.0001,1,0.1,1,0.0001,400,300,0.4,Adam
0.0,0.0,0.0,S-E-CDE-VAE,200,0.0001,0.0001,1,0.1,1,0.0001,400,300,0.4,Adam
0.0,0.0,0.0,S-E-CDE-VAE,200,0.0001,0.0001,1,0.1,1,0.0001,400,300,0.4,Adam
0.0,0.0,0.0,S-E-CDE-VAE,200,0.0001,0.0001,1,0.1,1,0.0001,400,300,0.4,Adam
0.0,0.0,0.0,S-E-CDE-VAE,200,0.0001,0.0001,1,0.1,1,0.0001,400,300,0.4,Adam
0.0,0.0,-0.028893115613316856,S-E-CDE-VAE,200,0.0001,0.0001,1,0.1,1,0.0001,400,300,0.4,Adam
0.0,-0.06456349206349207,-0.06572031619051742,S-E-CDE-VAE,200,0.0001,0.0001,1,0.1,1,0.0001,400,300,0.4,Adam
0.0,0.0,0.0,S-E-CDE-VAE,200,0.0001,0.0001,1,0.1,1,0.0001,400,300,0.4,Adam
0.0,0.0,0.0,S-E-CDE-VAE,200,0.0001,0.0001,1,0.1,1,0.0001,400,300,0.4,Adam
0.0,0.047896825396825396,0.05738698285718409,S-E-CDE-VAE,200,0.0001,0.0001,1,0.1,1,0.0001,400,300,0.4,Adam
0.0,0.0,0.0,S-E-CDE-VAE,200,0.0001,0.0001,1,0.1,1,0.0001,400,300,0.4,Adam
0.0,0.0,0.0,S-E-CDE-VAE,200,0.0001,0.0001,1,0.1,1,0.0001,400,300,0.4,Adam
0.0,0.0,0.0,S-E-CDE-VAE,200,0.0001,0.0001,1,0.1,1,0.0001,400,300,0.4,Adam
0.0,0.0,0.0,S-E-CDE-VAE,200,0.0001,0.0001,1,0.1,1,0.0001,400,300,0.4,Adam
0.0,0.0,0.0,S-E-CDE-VAE,200,0.0001,0.0001,1,0.1,1,0.0001,400,300,0.4,Adam
0.0,0.0,0.0,S-E-CDE-VAE,200,0.0001,0.0001,1,0.1,1,0.0001,400,300,0.4,Adam
-0.09,-0.10956349206349207,-0.06349386724386724,S-E-CDE-VAE,200,0.0001,0.0001,1,0.1,1,0.0001,400,300,0.4,Adam
-0.45666666666666667,-0.2283333333333333,-0.11416666666666668,S-E-CDE-VAE,200,0.0001,0.0001,1,0.1,1,0.0001,400,300,0.4,Adam
0.45666666666666667,0.3028968253968254,0.2183255530159555,S-E-CDE-VAE,200,0.0001,0.0001,1,0.1,1,0.0001,400,300,0.4,Adam
0.0,0.0,0.0,S-E-CDE-VAE,200,0.0001,0.0001,1,0.1,1,0.0001,400,300,0.4,Adam
0.0,0.0,0.0,S-E-CDE-VAE,200,0.0001,0.0001,1,0.1,1,0.0001,400,300,0.4,Adam
0.0,0.0,0.0,S-E-CDE-VAE,200,0.0001,0.0001,1,0.1,1,0.0001,400,300,0.4,Adam
0.0,0.0,0.0,S-E-CDE-VAE,200,0.0001,0.0001,1,0.1,1,0.0001,400,300,0.4,Adam
0.0,0.0,0.0,S-E-CDE-VAE,200,0.0001,0.0001,1,0.1,1,0.0001,400,300,0.4,Adam
0.0,0.0,0.0,S-E-CDE-VAE,200,0.0001,0.0001,1,0.1,1,0.0001,400,300,0.4,Adam
0.0,0.0,0.0,S-E-CDE-VAE,200,0.0001,0.0001,1,0.1,1,0.0001,400,300,0.4,Adam
0.0,0.0,0.0,S-E-CDE-VAE,200,0.0001,0.0001,1,0.1,1,0.0001,400,300,0.4,Adam
0.0,0.0,0.0,S-E-CDE-VAE,200,0.0001,0.0001,1,0.1,1,0.0001,400,300,0.4,Adam
0.0,0.0,0.0,S-E-CDE-VAE,200,0.0001,0.0001,1,0.1,1,0.0001,400,300,0.4,Adam
0.0,0.0,0.0,S-E-CDE-VAE,200,0.0001,0.0001,1,0.1,1,0.0001,400,300,0.4,Adam
0.19666666666666666,0.22746031746031745,0.1806072990477015,S-E-CDE-VAE,200,0.0001,0.0001,1,0.1,1,0.0001,400,300,0.4,Adam
0.0,0.0,0.0,S-E-CDE-VAE,200,0.0001,0.0001,1,0.1,1,0.0001,400,300,0.4,Adam
0.0,0.0,0.0,S-E-CDE-VAE,200,0.0001,0.0001,1,0.1,1,0.0001,400,300,0.4,Adam
0.0,0.0,0.0,S-E-CDE-VAE,200,0.0001,0.0001,1,0.1,1,0.0001,400,300,0.4,Adam
0.0,0.0,0.0,S-E-CDE-VAE,200,0.0001,0.0001,1,0.1,1,0.0001,400,300,0.4,Adam
0.0,0.0,0.0,S-E-CDE-VAE,200,0.0001,0.0001,1,0.1,1,0.0001,400,300,0.4,Adam
0.0,0.0,0.0,S-E-CDE-VAE,200,0.0001,0.0001,1,0.1,1,0.0001,400,300,0.4,Adam
0.0,0.0,0.0,S-E-CDE-VAE,200,0.0001,0.0001,1,0.1,1,0.0001,400,300,0.4,Adam
0.0,0.0,0.0,S-E-CDE-VAE,200,0.0001,0.0001,1,0.1,1,0.0001,400,300,0.4,Adam
0.0,0.0,0.0,S-E-CDE-VAE,200,0.0001,0.0001,1,0.1,1,0.0001,400,300,0.4,Adam
0.0,0.0,0.0,S-E-CDE-VAE,200,0.0001,0.0001,1,0.1,1,0.0001,400,300,0.4,Adam
0.0,0.0,0.0,S-E-CDE-VAE,200,0.0001,0.0001,1,0.1,1,0.0001,400,300,0.4,Adam
0.0,0.0,0.0,S-E-CDE-VAE,200,0.0001,0.0001,1,0.1,1,0.0001,400,300,0.4,Adam
0.0,0.0,0.0,S-E-CDE-VAE,200,0.0001,0.0001,1,0.1,1,0.0001,400,300,0.4,Adam
0.0,0.0,0.0,S-E-CDE-VAE,200,0.0001,0.0001,1,0.1,1,0.0001,400,300,0.4,Adam
0.0,0.0,0.0,S-E-CDE-VAE,200,0.0001,0.0001,1,0.1,1,0.0001,400,300,0.4,Adam
0.0,0.0,0.0,S-E-CDE-VAE,200,0.0001,0.0001,1,0.1,1,0.0001,400,300,0.4,Adam
0.0,0.0,0.0,S-E-CDE-VAE,200,0.0001,0.0001,1,0.1,1,0.0001,400,300,0.4,Adam
-0.25666666666666665,-0.1928968253968254,-0.12988698285718406,S-E-CDE-VAE,200,0.0001,0.0001,1,0.1,1,0.0001,400,300,0.4,Adam
0.0,0.0,0.0,S-E-CDE-VAE,200,0.0001,0.0001,1,0.1,1,0.0001,400,300,0.4,Adam
0.0,0.0,0.0,S-E-CDE-VAE,200,0.0001,0.0001,1,0.1,1,0.0001,400,300,0.4,Adam
0.0,0.0,0.0,S-E-CDE-VAE,200,0.0001,0.0001,1,0.1,1,0.0001,400,300,0.4,Adam
0.0,0.0,0.0,S-E-CDE-VAE,200,0.0001,0.0001,1,0.1,1,0.0001,400,300,0.4,Adam
0.0,0.0,0.0,S-E-CDE-VAE,200,0.0001,0.0001,1,0.1,1,0.0001,400,300,0.4,Adam
0.0,0.0,0.0,S-E-CDE-VAE,200,0.0001,0.0001,1,0.1,1,0.0001,400,300,0.4,Adam
0.0,0.0,0.0,S-E-CDE-VAE,200,0.0001,0.0001,1,0.1,1,0.0001,400,300,0.4,Adam
0.0,0.0,0.0,S-E-CDE-VAE,200,0.0001,0.0001,1,0.1,1,0.0001,400,300,0.4,Adam
0.0,0.0,0.0,S-E-CDE-VAE,200,0.0001,0.0001,1,0.1,1,0.0001,400,300,0.4,Adam
0.0,0.0,0.0,S-E-CDE-VAE,200,0.0001,0.0001,1,0.1,1,0.0001,400,300,0.4,Adam
0.0,0.0,0.0,S-E-CDE-VAE,200,0.0001,0.0001,1,0.1,1,0.0001,400,300,0.4,Adam
0.0,0.0,0.0,S-E-CDE-VAE,200,0.0001,0.0001,1,0.1,1,0.0001,400,300,0.4,Adam
0.0,0.0,0.0,S-E-CDE-VAE,200,0.0001,0.0001,1,0.1,1,0.0001,400,300,0.4,Adam
0.0,0.0,0.0,S-E-CDE-VAE,200,0.0001,0.0001,1,0.1,1,0.0001,400,300,0.4,Adam
0.0,0.0,0.0,S-E-CDE-VAE,200,0.0001,0.0001,1,0.1,1,0.0001,400,300,0.4,Adam
-0.09,-0.10956349206349207,-0.08822031619051743,S-E-CDE-VAE,200,0.0001,0.0001,1,0.1,1,0.0001,400,300,0.4,Adam
0.0,0.0,0.0,S-E-CDE-VAE,200,0.0001,0.0001,1,0.1,1,0.0001,400,300,0.4,Adam
0.0,0.0,0.0,S-E-CDE-VAE,200,0.0001,0.0001,1,0.1,1,0.0001,400,300,0.4,Adam
0.0,0.0,0.0,S-E-CDE-VAE,200,0.0001,0.0001,1,0.1,1,0.0001,400,300,0.4,Adam
0.0,0.0,0.0,S-E-CDE-VAE,200,0.0001,0.0001,1,0.1,1,0.0001,400,300,0.4,Adam
0.0,0.0,0.0,S-E-CDE-VAE,200,0.0001,0.0001,1,0.1,1,0.0001,400,300,0.4,Adam
0.0,0.0,0.0,S-E-CDE-VAE,200,0.0001,0.0001,1,0.1,1,0.0001,400,300,0.4,Adam
0.0,0.0,0.0,S-E-CDE-VAE,200,0.0001,0.0001,1,0.1,1,0.0001,400,300,0.4,Adam
0.0,0.0,0.0,S-E-CDE-VAE,200,0.0001,0.0001,1,0.1,1,0.0001,400,300,0.4,Adam
0.0,0.0,0.0,S-E-CDE-VAE,200,0.0001,0.0001,1,0.1,1,0.0001,400,300,0.4,Adam
-0.09,-0.10956349206349207,-0.08822031619051743,S-E-CDE-VAE,200,0.0001,0.0001,1,0.1,1,0.0001,400,300,0.4,Adam
0.0,0.0,0.0,S-E-CDE-VAE,200,0.0001,0.0001,1,0.1,1,0.0001,400,300,0.4,Adam
0.0,0.0,0.0,S-E-CDE-VAE,200,0.0001,0.0001,1,0.1,1,0.0001,400,300,0.4,Adam
0.0,0.0,0.0,S-E-CDE-VAE,200,0.0001,0.0001,1,0.1,1,0.0001,400,300,0.4,Adam
0.0,0.0,0.0,S-E-CDE-VAE,200,0.0001,0.0001,1,0.1,1,0.0001,400,300,0.4,Adam
0.0,0.0,0.0,S-E-CDE-VAE,200,0.0001,0.0001,1,0.1,1,0.0001,400,300,0.4,Adam
0.0,0.0,-0.010850533195734433,S-E-CDE-VAE,200,0.0001,0.0001,1,0.1,1,0.0001,400,300,0.4,Adam
