F-MAP@5,F-MAP@10,F-MAP@20,model,rank,beta,lambda_l2,lambda_keyphrase,lambda_latent,lambda_rating,learning_rate,epoch,corruption,optimizer
0.0,0.0,0.0,E-CDE-VAE,100,0.0,0.001,1,1,1,0.0005,600,0.4,Adam
0.04,0.11817460317460318,0.14444655404794723,E-CDE-VAE,100,0.0,0.001,1,1,1,0.0005,600,0.4,Adam
0.8433333333333334,0.7589285714285715,0.7244644809524841,E-CDE-VAE,100,0.0,0.001,1,1,1,0.0005,600,0.4,Adam
0.0,0.043611111111111114,0.1419301325609375,E-CDE-VAE,100,0.0,0.001,1,1,1,0.0005,600,0.4,Adam
0.4133333333333333,0.3357936507936508,0.29745148105248725,E-CDE-VAE,100,0.0,0.001,1,1,1,0.0005,600,0.4,Adam
0.3466666666666667,0.38813492063492067,0.40104019196317964,E-CDE-VAE,100,0.0,0.001,1,1,1,0.0005,600,0.4,Adam
0.0,0.0,0.0,E-CDE-VAE,100,0.0,0.001,1,1,1,0.0005,600,0.4,Adam
0.45666666666666667,0.2928968253968254,0.24520132924351193,E-CDE-VAE,100,0.0,0.001,1,1,1,0.0005,600,0.4,Adam
0.4133333333333333,0.4818650793650794,0.48952311319571395,E-CDE-VAE,100,0.0,0.001,1,1,1,0.0005,600,0.4,Adam
0.0,0.06456349206349207,0.13835264279923723,E-CDE-VAE,100,0.0,0.001,1,1,1,0.0005,600,0.4,Adam
0.0,0.0,0.0,E-CDE-VAE,100,0.0,0.001,1,1,1,0.0005,600,0.4,Adam
0.0,0.03361111111111111,0.05024412571432696,E-CDE-VAE,100,0.0,0.001,1,1,1,0.0005,600,0.4,Adam
0.8699999999999999,0.7368650793650793,0.6382935094661102,E-CDE-VAE,100,0.0,0.001,1,1,1,0.0005,600,0.4,Adam
0.4966666666666666,0.47563492063492063,0.43833185862984625,E-CDE-VAE,100,0.0,0.001,1,1,1,0.0005,600,0.4,Adam
1.0,1.0,1.0,E-CDE-VAE,100,0.0,0.001,1,1,1,0.0005,600,0.4,Adam
0.5433333333333333,0.6859920634920634,0.6843101652389577,E-CDE-VAE,100,0.0,0.001,1,1,1,0.0005,600,0.4,Adam
1.0,0.9018253968253969,0.8202471857348019,E-CDE-VAE,100,0.0,0.001,1,1,1,0.0005,600,0.4,Adam
0.0,0.0690079365079365,0.1354058031321963,E-CDE-VAE,100,0.0,0.001,1,1,1,0.0005,600,0.4,Adam
0.5433333333333333,0.5946428571428571,0.6432756207930356,E-CDE-VAE,100,0.0,0.001,1,1,1,0.0005,600,0.4,Adam
1.0,1.0,0.9404474846618809,E-CDE-VAE,100,0.0,0.001,1,1,1,0.0005,600,0.4,Adam
0.04,0.13246031746031744,0.27784130235949117,E-CDE-VAE,100,0.0,0.001,1,1,1,0.0005,600,0.4,Adam
0.5433333333333333,0.6325396825396826,0.6763139457721501,E-CDE-VAE,100,0.0,0.001,1,1,1,0.0005,600,0.4,Adam
0.0,0.0,0.031284399724802195,E-CDE-VAE,100,0.0,0.001,1,1,1,0.0005,600,0.4,Adam
0.0,0.047896825396825396,0.07614687277806473,E-CDE-VAE,100,0.0,0.001,1,1,1,0.0005,600,0.4,Adam
0.4133333333333333,0.3669047619047619,0.36149576494197233,E-CDE-VAE,100,0.0,0.001,1,1,1,0.0005,600,0.4,Adam
0.5433333333333333,0.6155952380952381,0.6045451254971379,E-CDE-VAE,100,0.0,0.001,1,1,1,0.0005,600,0.4,Adam
0.4966666666666666,0.5546428571428572,0.5992418125390261,E-CDE-VAE,100,0.0,0.001,1,1,1,0.0005,600,0.4,Adam
0.6133333333333333,0.5173015873015874,0.4523669463491444,E-CDE-VAE,100,0.0,0.001,1,1,1,0.0005,600,0.4,Adam
0.0,0.09150793650793651,0.18009437329096772,E-CDE-VAE,100,0.0,0.001,1,1,1,0.0005,600,0.4,Adam
0.09,0.13067460317460317,0.13221444190484438,E-CDE-VAE,100,0.0,0.001,1,1,1,0.0005,600,0.4,Adam
0.4533333333333333,0.5396428571428571,0.5090216059740053,E-CDE-VAE,100,0.0,0.001,1,1,1,0.0005,600,0.4,Adam
0.0,0.0,0.017308866529067764,E-CDE-VAE,100,0.0,0.001,1,1,1,0.0005,600,0.4,Adam
0.0,0.0,0.038701982142384614,E-CDE-VAE,100,0.0,0.001,1,1,1,0.0005,600,0.4,Adam
0.0,0.0,0.0,E-CDE-VAE,100,0.0,0.001,1,1,1,0.0005,600,0.4,Adam
0.0,0.14357142857142854,0.3078576952802959,E-CDE-VAE,100,0.0,0.001,1,1,1,0.0005,600,0.4,Adam
0.0,0.06456349206349207,0.07876125186303204,E-CDE-VAE,100,0.0,0.001,1,1,1,0.0005,600,0.4,Adam
0.5433333333333333,0.6255952380952381,0.6686339816873872,E-CDE-VAE,100,0.0,0.001,1,1,1,0.0005,600,0.4,Adam
0.7033333333333334,0.5889682539682539,0.4616769777779841,E-CDE-VAE,100,0.0,0.001,1,1,1,0.0005,600,0.4,Adam
0.25666666666666665,0.20289682539682538,0.22299024784125404,E-CDE-VAE,100,0.0,0.001,1,1,1,0.0005,600,0.4,Adam
0.0,0.0,0.05074743668783917,E-CDE-VAE,100,0.0,0.001,1,1,1,0.0005,600,0.4,Adam
0.0,0.0,0.027016468868249054,E-CDE-VAE,100,0.0,0.001,1,1,1,0.0005,600,0.4,Adam
0.0,0.0,0.024726448946650187,E-CDE-VAE,100,0.0,0.001,1,1,1,0.0005,600,0.4,Adam
0.6533333333333333,0.5203571428571429,0.3917786816296879,E-CDE-VAE,100,0.0,0.001,1,1,1,0.0005,600,0.4,Adam
1.0,1.0,1.0,E-CDE-VAE,100,0.0,0.001,1,1,1,0.0005,600,0.4,Adam
0.7533333333333333,0.6785317460317459,0.584331345254333,E-CDE-VAE,100,0.0,0.001,1,1,1,0.0005,600,0.4,Adam
0.09,0.10956349206349207,0.10982742833362029,E-CDE-VAE,100,0.0,0.001,1,1,1,0.0005,600,0.4,Adam
0.04,0.18273809523809523,0.21356964801624248,E-CDE-VAE,100,0.0,0.001,1,1,1,0.0005,600,0.4,Adam
0.0,0.0,0.0,E-CDE-VAE,100,0.0,0.001,1,1,1,0.0005,600,0.4,Adam
0.45666666666666667,0.3140079365079365,0.2850379019844964,E-CDE-VAE,100,0.0,0.001,1,1,1,0.0005,600,0.4,Adam
0.0,0.0,0.0,E-CDE-VAE,100,0.0,0.001,1,1,1,0.0005,600,0.4,Adam
0.0,0.11246031746031745,0.2021526132536194,E-CDE-VAE,100,0.0,0.001,1,1,1,0.0005,600,0.4,Adam
0.0,0.0,0.0,E-CDE-VAE,100,0.0,0.001,1,1,1,0.0005,600,0.4,Adam
0.7033333333333334,0.5889682539682539,0.47815251097371847,E-CDE-VAE,100,0.0,0.001,1,1,1,0.0005,600,0.4,Adam
0.7433333333333334,0.7592063492063492,0.795417167756564,E-CDE-VAE,100,0.0,0.001,1,1,1,0.0005,600,0.4,Adam
1.0,0.9788888888888889,0.9560058742856729,E-CDE-VAE,100,0.0,0.001,1,1,1,0.0005,600,0.4,Adam
1.0,1.0,1.0,E-CDE-VAE,100,0.0,0.001,1,1,1,0.0005,600,0.4,Adam
1.0,1.0,1.0,E-CDE-VAE,100,0.0,0.001,1,1,1,0.0005,600,0.4,Adam
0.7533333333333333,0.7039285714285713,0.6077715752599654,E-CDE-VAE,100,0.0,0.001,1,1,1,0.0005,600,0.4,Adam
0.7433333333333334,0.6299206349206349,0.5808903263489177,E-CDE-VAE,100,0.0,0.001,1,1,1,0.0005,600,0.4,Adam
0.3866666666666666,0.456031746031746,0.5104262582532707,E-CDE-VAE,100,0.0,0.001,1,1,1,0.0005,600,0.4,Adam
0.5466666666666666,0.44607142857142856,0.4104095594807669,E-CDE-VAE,100,0.0,0.001,1,1,1,0.0005,600,0.4,Adam
0.0,0.0,0.0,E-CDE-VAE,100,0.0,0.001,1,1,1,0.0005,600,0.4,Adam
1.0,0.9421031746031747,0.7558690151008262,E-CDE-VAE,100,0.0,0.001,1,1,1,0.0005,600,0.4,Adam
0.0,0.0,0.0025,E-CDE-VAE,100,0.0,0.001,1,1,1,0.0005,600,0.4,Adam
0.5466666666666666,0.548531746031746,0.5264369887937999,E-CDE-VAE,100,0.0,0.001,1,1,1,0.0005,600,0.4,Adam
0.0,0.0,0.0,E-CDE-VAE,100,0.0,0.001,1,1,1,0.0005,600,0.4,Adam
0.7433333333333334,0.7425396825396826,0.7845838344232308,E-CDE-VAE,100,0.0,0.001,1,1,1,0.0005,600,0.4,Adam
0.09,0.15317460317460319,0.20829612767693262,E-CDE-VAE,100,0.0,0.001,1,1,1,0.0005,600,0.4,Adam
0.0,0.0,0.0,E-CDE-VAE,100,0.0,0.001,1,1,1,0.0005,600,0.4,Adam
0.15666666666666665,0.1640079365079365,0.19758309071389565,E-CDE-VAE,100,0.0,0.001,1,1,1,0.0005,600,0.4,Adam
0.15666666666666665,0.1428968253968254,0.13089885690504885,E-CDE-VAE,100,0.0,0.001,1,1,1,0.0005,600,0.4,Adam
0.0,0.0,0.0,E-CDE-VAE,100,0.0,0.001,1,1,1,0.0005,600,0.4,Adam
0.0,0.0,0.028893115613316856,E-CDE-VAE,100,0.0,0.001,1,1,1,0.0005,600,0.4,Adam
0.0,0.0,0.0,E-CDE-VAE,100,0.0,0.001,1,1,1,0.0005,600,0.4,Adam
0.24666666666666667,0.35507936507936505,0.3869761821425909,E-CDE-VAE,100,0.0,0.001,1,1,1,0.0005,600,0.4,Adam
0.0,0.0,0.005131578947368421,E-CDE-VAE,100,0.0,0.001,1,1,1,0.0005,600,0.4,Adam
0.0,0.043611111111111114,0.14875674742354308,E-CDE-VAE,100,0.0,0.001,1,1,1,0.0005,600,0.4,Adam
0.24666666666666667,0.31702380952380954,0.28948701496302115,E-CDE-VAE,100,0.0,0.001,1,1,1,0.0005,600,0.4,Adam
1.0,0.9521031746031747,0.9426130171428155,E-CDE-VAE,100,0.0,0.001,1,1,1,0.0005,600,0.4,Adam
1.0,0.9788888888888889,0.8973490808726877,E-CDE-VAE,100,0.0,0.001,1,1,1,0.0005,600,0.4,Adam
0.7433333333333334,0.7523809523809524,0.7268350708888633,E-CDE-VAE,100,0.0,0.001,1,1,1,0.0005,600,0.4,Adam
0.09,0.10956349206349207,0.1926869348831423,E-CDE-VAE,100,0.0,0.001,1,1,1,0.0005,600,0.4,Adam
0.19666666666666666,0.2920238095238096,0.3062894873014842,E-CDE-VAE,100,0.0,0.001,1,1,1,0.0005,600,0.4,Adam
0.5466666666666666,0.5249206349206349,0.5041530279146379,E-CDE-VAE,100,0.0,0.001,1,1,1,0.0005,600,0.4,Adam
0.7433333333333334,0.7523809523809524,0.7402977835717772,E-CDE-VAE,100,0.0,0.001,1,1,1,0.0005,600,0.4,Adam
0.0,0.0,0.020880295100496337,E-CDE-VAE,100,0.0,0.001,1,1,1,0.0005,600,0.4,Adam
0.0,0.0,0.0,E-CDE-VAE,100,0.0,0.001,1,1,1,0.0005,600,0.4,Adam
0.4133333333333333,0.42146825396825405,0.36179727414828033,E-CDE-VAE,100,0.0,0.001,1,1,1,0.0005,600,0.4,Adam
0.0,0.0,0.0,E-CDE-VAE,100,0.0,0.001,1,1,1,0.0005,600,0.4,Adam
0.7133333333333333,0.5982539682539683,0.49569561114839755,E-CDE-VAE,100,0.0,0.001,1,1,1,0.0005,600,0.4,Adam
1.0,1.0,1.0,E-CDE-VAE,100,0.0,0.001,1,1,1,0.0005,600,0.4,Adam
0.5466666666666666,0.43357142857142855,0.4609784247400346,E-CDE-VAE,100,0.0,0.001,1,1,1,0.0005,600,0.4,Adam
0.8033333333333333,0.626468253968254,0.5294666726032825,E-CDE-VAE,100,0.0,0.001,1,1,1,0.0005,600,0.4,Adam
0.5033333333333333,0.5646428571428571,0.5645977811747936,E-CDE-VAE,100,0.0,0.001,1,1,1,0.0005,600,0.4,Adam
0.7133333333333333,0.6082539682539683,0.5674268067244074,E-CDE-VAE,100,0.0,0.001,1,1,1,0.0005,600,0.4,Adam
1.0,1.0,1.0,E-CDE-VAE,100,0.0,0.001,1,1,1,0.0005,600,0.4,Adam
0.09,0.2121825396825397,0.3144844560324437,E-CDE-VAE,100,0.0,0.001,1,1,1,0.0005,600,0.4,Adam
0.45666666666666667,0.3910714285714285,0.30982695795776294,E-CDE-VAE,100,0.0,0.001,1,1,1,0.0005,600,0.4,Adam
0.4966666666666666,0.4421825396825397,0.45858509803749736,E-CDE-VAE,100,0.0,0.001,1,1,1,0.0005,600,0.4,Adam
0.0,0.0,0.0,E-CDE-VAE,100,0.0,0.001,1,1,1,0.0005,600,0.4,Adam
0.8699999999999999,0.7579761904761905,0.6990409461539492,E-CDE-VAE,100,0.0,0.001,1,1,1,0.0005,600,0.4,Adam
0.09,0.17857142857142855,0.2328099858517815,E-CDE-VAE,100,0.0,0.001,1,1,1,0.0005,600,0.4,Adam
0.0,0.0,0.0581650191054216,E-CDE-VAE,100,0.0,0.001,1,1,1,0.0005,600,0.4,Adam
1.0,0.8564285714285715,0.7123194527780441,E-CDE-VAE,100,0.0,0.001,1,1,1,0.0005,600,0.4,Adam
0.15666666666666665,0.2007936507936508,0.23463376664615052,E-CDE-VAE,100,0.0,0.001,1,1,1,0.0005,600,0.4,Adam
0.24666666666666667,0.30718253968253967,0.3687432731956726,E-CDE-VAE,100,0.0,0.001,1,1,1,0.0005,600,0.4,Adam
0.6133333333333333,0.5650793650793651,0.5663761855189874,E-CDE-VAE,100,0.0,0.001,1,1,1,0.0005,600,0.4,Adam
1.0,1.0,1.0,E-CDE-VAE,100,0.0,0.001,1,1,1,0.0005,600,0.4,Adam
0.0,0.0,0.0,E-CDE-VAE,100,0.0,0.001,1,1,1,0.0005,600,0.4,Adam
1.0,0.8439285714285715,0.6779815553383665,E-CDE-VAE,100,0.0,0.001,1,1,1,0.0005,600,0.4,Adam
0.8433333333333334,0.8359920634920635,0.770513426846631,E-CDE-VAE,100,0.0,0.001,1,1,1,0.0005,600,0.4,Adam
0.45666666666666667,0.2928968253968254,0.25487861682521123,E-CDE-VAE,100,0.0,0.001,1,1,1,0.0005,600,0.4,Adam
1.0,1.0,0.9665614298412285,E-CDE-VAE,100,0.0,0.001,1,1,1,0.0005,600,0.4,Adam
0.5433333333333333,0.551031746031746,0.5606700166878185,E-CDE-VAE,100,0.0,0.001,1,1,1,0.0005,600,0.4,Adam
0.9099999999999999,0.8425396825396826,0.8543927009522985,E-CDE-VAE,100,0.0,0.001,1,1,1,0.0005,600,0.4,Adam
0.0,0.03361111111111111,0.11086806962387459,E-CDE-VAE,100,0.0,0.001,1,1,1,0.0005,600,0.4,Adam
1.0,1.0,0.9644230178576153,E-CDE-VAE,100,0.0,0.001,1,1,1,0.0005,600,0.4,Adam
1.0,1.0,1.0,E-CDE-VAE,100,0.0,0.001,1,1,1,0.0005,600,0.4,Adam
0.8699999999999999,0.6932539682539682,0.5340008293220369,E-CDE-VAE,100,0.0,0.001,1,1,1,0.0005,600,0.4,Adam
0.96,0.7961507936507937,0.5987068177780254,E-CDE-VAE,100,0.0,0.001,1,1,1,0.0005,600,0.4,Adam
0.0,0.12246031746031745,0.2439550855920825,E-CDE-VAE,100,0.0,0.001,1,1,1,0.0005,600,0.4,Adam
0.7033333333333334,0.6579761904761906,0.6645744148782073,E-CDE-VAE,100,0.0,0.001,1,1,1,0.0005,600,0.4,Adam
0.0,0.0,0.0,E-CDE-VAE,100,0.0,0.001,1,1,1,0.0005,600,0.4,Adam
0.0,0.0,0.0,E-CDE-VAE,100,0.0,0.001,1,1,1,0.0005,600,0.4,Adam
1.0,0.9521031746031747,0.9057506098992167,E-CDE-VAE,100,0.0,0.001,1,1,1,0.0005,600,0.4,Adam
0.0,0.0,0.0,E-CDE-VAE,100,0.0,0.001,1,1,1,0.0005,600,0.4,Adam
0.5866666666666667,0.556031746031746,0.5373970448196455,E-CDE-VAE,100,0.0,0.001,1,1,1,0.0005,600,0.4,Adam
0.0,0.047896825396825396,0.06251856180455251,E-CDE-VAE,100,0.0,0.001,1,1,1,0.0005,600,0.4,Adam
0.7433333333333334,0.7971031746031746,0.790326520100127,E-CDE-VAE,100,0.0,0.001,1,1,1,0.0005,600,0.4,Adam
0.0,0.0,0.0,E-CDE-VAE,100,0.0,0.001,1,1,1,0.0005,600,0.4,Adam
0.0,0.0,0.0,E-CDE-VAE,100,0.0,0.001,1,1,1,0.0005,600,0.4,Adam
0.09,0.10956349206349207,0.13046396499956872,E-CDE-VAE,100,0.0,0.001,1,1,1,0.0005,600,0.4,Adam
0.0,0.0,0.013975533195734432,E-CDE-VAE,100,0.0,0.001,1,1,1,0.0005,600,0.4,Adam
0.0,0.01,0.038438570158771404,E-CDE-VAE,100,0.0,0.001,1,1,1,0.0005,600,0.4,Adam
0.25666666666666665,0.20289682539682538,0.20485024757664072,E-CDE-VAE,100,0.0,0.001,1,1,1,0.0005,600,0.4,Adam
0.0,0.047896825396825396,0.05738698285718409,E-CDE-VAE,100,0.0,0.001,1,1,1,0.0005,600,0.4,Adam
0.7433333333333334,0.7734920634920635,0.7077706937884957,E-CDE-VAE,100,0.0,0.001,1,1,1,0.0005,600,0.4,Adam
0.0,0.01,0.12271508075687643,E-CDE-VAE,100,0.0,0.001,1,1,1,0.0005,600,0.4,Adam
0.4133333333333333,0.38369047619047614,0.35975604632725366,E-CDE-VAE,100,0.0,0.001,1,1,1,0.0005,600,0.4,Adam
0.7533333333333333,0.6139682539682539,0.5495495992225867,E-CDE-VAE,100,0.0,0.001,1,1,1,0.0005,600,0.4,Adam
0.5466666666666666,0.48813492063492064,0.4112603111113174,E-CDE-VAE,100,0.0,0.001,1,1,1,0.0005,600,0.4,Adam
0.0,0.10817460317460317,0.18818741178841794,E-CDE-VAE,100,0.0,0.001,1,1,1,0.0005,600,0.4,Adam
0.0,0.0,0.0,E-CDE-VAE,100,0.0,0.001,1,1,1,0.0005,600,0.4,Adam
0.96,0.850873015873016,0.8534277886715967,E-CDE-VAE,100,0.0,0.001,1,1,1,0.0005,600,0.4,Adam
0.4533333333333333,0.5496428571428572,0.6302166147406084,E-CDE-VAE,100,0.0,0.001,1,1,1,0.0005,600,0.4,Adam
0.0,0.0,0.0,E-CDE-VAE,100,0.0,0.001,1,1,1,0.0005,600,0.4,Adam
0.8699999999999999,0.7579761904761905,0.725434061767266,E-CDE-VAE,100,0.0,0.001,1,1,1,0.0005,600,0.4,Adam
0.4133333333333333,0.38369047619047614,0.3868468158948036,E-CDE-VAE,100,0.0,0.001,1,1,1,0.0005,600,0.4,Adam
0.5466666666666666,0.46718253968253964,0.40078412063512686,E-CDE-VAE,100,0.0,0.001,1,1,1,0.0005,600,0.4,Adam
0.0,0.0,0.0,E-CDE-VAE,100,0.0,0.001,1,1,1,0.0005,600,0.4,Adam
0.45666666666666667,0.2928968253968254,0.23350654741715116,E-CDE-VAE,100,0.0,0.001,1,1,1,0.0005,600,0.4,Adam
0.19666666666666666,0.371031746031746,0.5153403616077764,E-CDE-VAE,100,0.0,0.001,1,1,1,0.0005,600,0.4,Adam
0.0,0.0,0.028893115613316856,E-CDE-VAE,100,0.0,0.001,1,1,1,0.0005,600,0.4,Adam
1.0,1.0,1.0,E-CDE-VAE,100,0.0,0.001,1,1,1,0.0005,600,0.4,Adam
0.04,0.21384920634920634,0.3771383013701125,E-CDE-VAE,100,0.0,0.001,1,1,1,0.0005,600,0.4,Adam
0.2966666666666667,0.43353174603174593,0.43137282716423586,E-CDE-VAE,100,0.0,0.001,1,1,1,0.0005,600,0.4,Adam
0.6533333333333333,0.6875396825396825,0.6468553846823971,E-CDE-VAE,100,0.0,0.001,1,1,1,0.0005,600,0.4,Adam
0.25666666666666665,0.2574603174603175,0.23892803962463405,E-CDE-VAE,100,0.0,0.001,1,1,1,0.0005,600,0.4,Adam
0.7133333333333333,0.5503571428571428,0.4915560649790526,E-CDE-VAE,100,0.0,0.001,1,1,1,0.0005,600,0.4,Adam
0.96,0.7593650793650794,0.6138454882320981,E-CDE-VAE,100,0.0,0.001,1,1,1,0.0005,600,0.4,Adam
0.7533333333333333,0.6618650793650793,0.6204189483117502,E-CDE-VAE,100,0.0,0.001,1,1,1,0.0005,600,0.4,Adam
0.0,0.0,0.015982112143102856,E-CDE-VAE,100,0.0,0.001,1,1,1,0.0005,600,0.4,Adam
0.45666666666666667,0.32400793650793647,0.2831999738307788,E-CDE-VAE,100,0.0,0.001,1,1,1,0.0005,600,0.4,Adam
0.09,0.11956349206349207,0.20629032495712063,E-CDE-VAE,100,0.0,0.001,1,1,1,0.0005,600,0.4,Adam
0.5433333333333333,0.6634920634920635,0.6778107567097504,E-CDE-VAE,100,0.0,0.001,1,1,1,0.0005,600,0.4,Adam
0.13,0.2420238095238095,0.31029478240198055,E-CDE-VAE,100,0.0,0.001,1,1,1,0.0005,600,0.4,Adam
1.0,0.8973809523809523,0.7708637322859458,E-CDE-VAE,100,0.0,0.001,1,1,1,0.0005,600,0.4,Adam
0.7033333333333334,0.5789682539682539,0.513134255020865,E-CDE-VAE,100,0.0,0.001,1,1,1,0.0005,600,0.4,Adam
0.3866666666666666,0.42063492063492064,0.3688978073440147,E-CDE-VAE,100,0.0,0.001,1,1,1,0.0005,600,0.4,Adam
1.0,0.9788888888888889,0.9508742953383045,E-CDE-VAE,100,0.0,0.001,1,1,1,0.0005,600,0.4,Adam
0.09,0.23202380952380955,0.3022108575978545,E-CDE-VAE,100,0.0,0.001,1,1,1,0.0005,600,0.4,Adam
0.0,0.0,0.0,E-CDE-VAE,100,0.0,0.001,1,1,1,0.0005,600,0.4,Adam
0.0,0.0,0.020880295100496337,E-CDE-VAE,100,0.0,0.001,1,1,1,0.0005,600,0.4,Adam
0.0,0.0815079365079365,0.11526268751887947,E-CDE-VAE,100,0.0,0.001,1,1,1,0.0005,600,0.4,Adam
0.8433333333333334,0.8571031746031746,0.8786374839470815,E-CDE-VAE,100,0.0,0.001,1,1,1,0.0005,600,0.4,Adam
0.2866666666666666,0.428531746031746,0.522000743709335,E-CDE-VAE,100,0.0,0.001,1,1,1,0.0005,600,0.4,Adam
0.0,0.0,0.0,E-CDE-VAE,100,0.0,0.001,1,1,1,0.0005,600,0.4,Adam
0.0,0.0,0.0,E-CDE-VAE,100,0.0,0.001,1,1,1,0.0005,600,0.4,Adam
0.9099999999999999,0.8047619047619048,0.665344059105669,E-CDE-VAE,100,0.0,0.001,1,1,1,0.0005,600,0.4,Adam
0.8033333333333333,0.628968253968254,0.5289487417467293,E-CDE-VAE,100,0.0,0.001,1,1,1,0.0005,600,0.4,Adam
0.6133333333333333,0.44579365079365074,0.3465928309736359,E-CDE-VAE,100,0.0,0.001,1,1,1,0.0005,600,0.4,Adam
1.0,1.0,0.9752735510533496,E-CDE-VAE,100,0.0,0.001,1,1,1,0.0005,600,0.4,Adam
0.0,0.0,0.0,E-CDE-VAE,100,0.0,0.001,1,1,1,0.0005,600,0.4,Adam
0.0,0.0,0.0,E-CDE-VAE,100,0.0,0.001,1,1,1,0.0005,600,0.4,Adam
0.5433333333333333,0.6492063492063492,0.6187472172650191,E-CDE-VAE,100,0.0,0.001,1,1,1,0.0005,600,0.4,Adam
0.45666666666666667,0.470079365079365,0.5411078865664779,E-CDE-VAE,100,0.0,0.001,1,1,1,0.0005,600,0.4,Adam
0.0,0.0,0.0,E-CDE-VAE,100,0.0,0.001,1,1,1,0.0005,600,0.4,Adam
0.0,0.01,0.038438570158771404,E-CDE-VAE,100,0.0,0.001,1,1,1,0.0005,600,0.4,Adam
0.7433333333333334,0.7859920634920634,0.7676080427570364,E-CDE-VAE,100,0.0,0.001,1,1,1,0.0005,600,0.4,Adam
0.96,0.9054365079365081,0.7623670002598021,E-CDE-VAE,100,0.0,0.001,1,1,1,0.0005,600,0.4,Adam
0.0,0.0,0.0025,E-CDE-VAE,100,0.0,0.001,1,1,1,0.0005,600,0.4,Adam
0.0,0.0,0.0,E-CDE-VAE,100,0.0,0.001,1,1,1,0.0005,600,0.4,Adam
0.2966666666666667,0.32535714285714284,0.31661384646485263,E-CDE-VAE,100,0.0,0.001,1,1,1,0.0005,600,0.4,Adam
0.0,0.047896825396825396,0.10122054394693714,E-CDE-VAE,100,0.0,0.001,1,1,1,0.0005,600,0.4,Adam
0.7433333333333334,0.6635317460317459,0.6398465732753658,E-CDE-VAE,100,0.0,0.001,1,1,1,0.0005,600,0.4,Adam
0.0,0.01,0.06566501910542158,E-CDE-VAE,100,0.0,0.001,1,1,1,0.0005,600,0.4,Adam
0.45666666666666667,0.3265079365079365,0.27754521192601683,E-CDE-VAE,100,0.0,0.001,1,1,1,0.0005,600,0.4,Adam
0.0,0.0,0.0,E-CDE-VAE,100,0.0,0.001,1,1,1,0.0005,600,0.4,Adam
0.0,0.07456349206349207,0.15371140168740788,E-CDE-VAE,100,0.0,0.001,1,1,1,0.0005,600,0.4,Adam
0.15666666666666665,0.1428968253968254,0.10488698285718409,E-CDE-VAE,100,0.0,0.001,1,1,1,0.0005,600,0.4,Adam
0.9099999999999999,0.7132539682539683,0.5798359356931339,E-CDE-VAE,100,0.0,0.001,1,1,1,0.0005,600,0.4,Adam
0.24666666666666667,0.2624603174603174,0.29671526766147505,E-CDE-VAE,100,0.0,0.001,1,1,1,0.0005,600,0.4,Adam
0.0,0.0,0.0,E-CDE-VAE,100,0.0,0.001,1,1,1,0.0005,600,0.4,Adam
0.0,0.0,0.0,E-CDE-VAE,100,0.0,0.001,1,1,1,0.0005,600,0.4,Adam
0.5433333333333333,0.6523809523809524,0.6764540834122876,E-CDE-VAE,100,0.0,0.001,1,1,1,0.0005,600,0.4,Adam
0.7533333333333333,0.7264285714285714,0.6505622823598831,E-CDE-VAE,100,0.0,0.001,1,1,1,0.0005,600,0.4,Adam
0.13,0.19412698412698412,0.16394063238103485,E-CDE-VAE,100,0.0,0.001,1,1,1,0.0005,600,0.4,Adam
0.45666666666666667,0.2928968253968254,0.2888899424019392,E-CDE-VAE,100,0.0,0.001,1,1,1,0.0005,600,0.4,Adam
0.0,0.043611111111111114,0.14088115595275036,E-CDE-VAE,100,0.0,0.001,1,1,1,0.0005,600,0.4,Adam
0.0,0.0,0.0,E-CDE-VAE,100,0.0,0.001,1,1,1,0.0005,600,0.4,Adam
0.7433333333333334,0.7971031746031746,0.8010150472592426,E-CDE-VAE,100,0.0,0.001,1,1,1,0.0005,600,0.4,Adam
0.0,0.0,0.0,E-CDE-VAE,100,0.0,0.001,1,1,1,0.0005,600,0.4,Adam
0.8699999999999999,0.6765873015873016,0.4980598054766013,E-CDE-VAE,100,0.0,0.001,1,1,1,0.0005,600,0.4,Adam
0.45666666666666667,0.3140079365079365,0.3352524891688978,E-CDE-VAE,100,0.0,0.001,1,1,1,0.0005,600,0.4,Adam
1.0,0.8873809523809524,0.7455695615873634,E-CDE-VAE,100,0.0,0.001,1,1,1,0.0005,600,0.4,Adam
1.0,1.0,1.0,E-CDE-VAE,100,0.0,0.001,1,1,1,0.0005,600,0.4,Adam
0.0,0.0,0.0,E-CDE-VAE,100,0.0,0.001,1,1,1,0.0005,600,0.4,Adam
0.0,0.0,0.0079093567251462,E-CDE-VAE,100,0.0,0.001,1,1,1,0.0005,600,0.4,Adam
0.0,0.16718253968253965,0.32528398029559025,E-CDE-VAE,100,0.0,0.001,1,1,1,0.0005,600,0.4,Adam
0.0,0.0,0.0,E-CDE-VAE,100,0.0,0.001,1,1,1,0.0005,600,0.4,Adam
0.4133333333333333,0.433968253968254,0.42669495386794143,E-CDE-VAE,100,0.0,0.001,1,1,1,0.0005,600,0.4,Adam
0.4966666666666666,0.5446428571428571,0.5790146325982238,E-CDE-VAE,100,0.0,0.001,1,1,1,0.0005,600,0.4,Adam
0.13,0.2041269841269841,0.2619317178779253,E-CDE-VAE,100,0.0,0.001,1,1,1,0.0005,600,0.4,Adam
0.8033333333333333,0.6979761904761905,0.6564826710956742,E-CDE-VAE,100,0.0,0.001,1,1,1,0.0005,600,0.4,Adam
0.0,0.043611111111111114,0.12381850154489471,E-CDE-VAE,100,0.0,0.001,1,1,1,0.0005,600,0.4,Adam
0.15666666666666665,0.1428968253968254,0.11573751605291853,E-CDE-VAE,100,0.0,0.001,1,1,1,0.0005,600,0.4,Adam
0.09,0.13067460317460317,0.1430649751005788,E-CDE-VAE,100,0.0,0.001,1,1,1,0.0005,600,0.4,Adam
0.24666666666666667,0.31702380952380954,0.29285230979890425,E-CDE-VAE,100,0.0,0.001,1,1,1,0.0005,600,0.4,Adam
1.0,1.0,1.0,E-CDE-VAE,100,0.0,0.001,1,1,1,0.0005,600,0.4,Adam
0.5433333333333333,0.6523809523809524,0.6890722933756989,E-CDE-VAE,100,0.0,0.001,1,1,1,0.0005,600,0.4,Adam
0.0,0.0,0.0,E-CDE-VAE,100,0.0,0.001,1,1,1,0.0005,600,0.4,Adam
1.0,1.0,0.980892887856897,E-CDE-VAE,100,0.0,0.001,1,1,1,0.0005,600,0.4,Adam
0.04,0.08456349206349206,0.1252728315286365,E-CDE-VAE,100,0.0,0.001,1,1,1,0.0005,600,0.4,Adam
0.0,0.0815079365079365,0.12160664176724548,E-CDE-VAE,100,0.0,0.001,1,1,1,0.0005,600,0.4,Adam
0.5466666666666666,0.4503571428571428,0.3762417185927248,E-CDE-VAE,100,0.0,0.001,1,1,1,0.0005,600,0.4,Adam
0.4533333333333333,0.4949206349206349,0.5061091660317667,E-CDE-VAE,100,0.0,0.001,1,1,1,0.0005,600,0.4,Adam
0.96,0.7382539682539683,0.6079781355555348,E-CDE-VAE,100,0.0,0.001,1,1,1,0.0005,600,0.4,Adam
0.0,0.05789682539682539,0.10667608621168993,E-CDE-VAE,100,0.0,0.001,1,1,1,0.0005,600,0.4,Adam
0.0,0.0,0.0,E-CDE-VAE,100,0.0,0.001,1,1,1,0.0005,600,0.4,Adam
0.5433333333333333,0.6423809523809523,0.6284789183125096,E-CDE-VAE,100,0.0,0.001,1,1,1,0.0005,600,0.4,Adam
1.0,1.0,1.0,E-CDE-VAE,100,0.0,0.001,1,1,1,0.0005,600,0.4,Adam
1.0,0.9521031746031747,0.917394793888602,E-CDE-VAE,100,0.0,0.001,1,1,1,0.0005,600,0.4,Adam
0.3466666666666667,0.3235714285714285,0.31627269853469536,E-CDE-VAE,100,0.0,0.001,1,1,1,0.0005,600,0.4,Adam
0.24666666666666667,0.3481349206349207,0.41682470049730114,E-CDE-VAE,100,0.0,0.001,1,1,1,0.0005,600,0.4,Adam
0.7533333333333333,0.6785317460317459,0.6403421939257853,E-CDE-VAE,100,0.0,0.001,1,1,1,0.0005,600,0.4,Adam
0.0,0.0,0.0,E-CDE-VAE,100,0.0,0.001,1,1,1,0.0005,600,0.4,Adam
1.0,1.0,1.0,E-CDE-VAE,100,0.0,0.001,1,1,1,0.0005,600,0.4,Adam
0.04,0.11817460317460318,0.16276691424330741,E-CDE-VAE,100,0.0,0.001,1,1,1,0.0005,600,0.4,Adam
0.0,0.09817460317460318,0.18834389638569204,E-CDE-VAE,100,0.0,0.001,1,1,1,0.0005,600,0.4,Adam
0.5466666666666666,0.40246031746031746,0.3015458692064729,E-CDE-VAE,100,0.0,0.001,1,1,1,0.0005,600,0.4,Adam
0.0,0.0815079365079365,0.1295159984923917,E-CDE-VAE,100,0.0,0.001,1,1,1,0.0005,600,0.4,Adam
0.8699999999999999,0.7201984126984127,0.6064369887937999,E-CDE-VAE,100,0.0,0.001,1,1,1,0.0005,600,0.4,Adam
0.5466666666666666,0.546031746031746,0.4736472939685015,E-CDE-VAE,100,0.0,0.001,1,1,1,0.0005,600,0.4,Adam
0.45666666666666667,0.2928968253968254,0.198369095000287,E-CDE-VAE,100,0.0,0.001,1,1,1,0.0005,600,0.4,Adam
1.0,1.0,0.9283722682116645,E-CDE-VAE,100,0.0,0.001,1,1,1,0.0005,600,0.4,Adam
0.4133333333333333,0.5129761904761905,0.5725951748629767,E-CDE-VAE,100,0.0,0.001,1,1,1,0.0005,600,0.4,Adam
0.2866666666666666,0.4563095238095237,0.4391955395825365,E-CDE-VAE,100,0.0,0.001,1,1,1,0.0005,600,0.4,Adam
0.5033333333333333,0.541031746031746,0.5449528661912563,E-CDE-VAE,100,0.0,0.001,1,1,1,0.0005,600,0.4,Adam
0.6133333333333333,0.5793650793650793,0.5316618875190857,E-CDE-VAE,100,0.0,0.001,1,1,1,0.0005,600,0.4,Adam
1.0,0.956388888888889,0.8517350268840207,E-CDE-VAE,100,0.0,0.001,1,1,1,0.0005,600,0.4,Adam
0.15666666666666665,0.1428968253968254,0.12826727795768042,E-CDE-VAE,100,0.0,0.001,1,1,1,0.0005,600,0.4,Adam
0.6533333333333333,0.5993650793650793,0.5780778661912563,E-CDE-VAE,100,0.0,0.001,1,1,1,0.0005,600,0.4,Adam
0.13,0.30674603174603177,0.40391854018015005,E-CDE-VAE,100,0.0,0.001,1,1,1,0.0005,600,0.4,Adam
0.2866666666666666,0.3917460317460317,0.4879716039894058,E-CDE-VAE,100,0.0,0.001,1,1,1,0.0005,600,0.4,Adam
0.0,0.0,0.024826066391468865,E-CDE-VAE,100,0.0,0.001,1,1,1,0.0005,600,0.4,Adam
0.3466666666666667,0.38396825396825396,0.3966629923653918,E-CDE-VAE,100,0.0,0.001,1,1,1,0.0005,600,0.4,Adam
0.7533333333333333,0.6996428571428572,0.6921756790680939,E-CDE-VAE,100,0.0,0.001,1,1,1,0.0005,600,0.4,Adam
0.25666666666666665,0.23650793650793647,0.27815195597316333,E-CDE-VAE,100,0.0,0.001,1,1,1,0.0005,600,0.4,Adam
0.09,0.25563492063492066,0.34470777438076206,E-CDE-VAE,100,0.0,0.001,1,1,1,0.0005,600,0.4,Adam
0.25666666666666665,0.28440476190476194,0.32385342555621194,E-CDE-VAE,100,0.0,0.001,1,1,1,0.0005,600,0.4,Adam
0.45666666666666667,0.36190476190476184,0.3371471070639027,E-CDE-VAE,100,0.0,0.001,1,1,1,0.0005,600,0.4,Adam
0.0,0.0,0.0,E-CDE-VAE,100,0.0,0.001,1,1,1,0.0005,600,0.4,Adam
1.0,1.0,1.0,E-CDE-VAE,100,0.0,0.001,1,1,1,0.0005,600,0.4,Adam
0.0,0.0,0.0,E-CDE-VAE,100,0.0,0.001,1,1,1,0.0005,600,0.4,Adam
0.6133333333333333,0.5693650793650793,0.5512013165283289,E-CDE-VAE,100,0.0,0.001,1,1,1,0.0005,600,0.4,Adam
0.0,0.0,0.0,E-CDE-VAE,100,0.0,0.001,1,1,1,0.0005,600,0.4,Adam
0.8433333333333334,0.8571031746031746,0.8240849686089623,E-CDE-VAE,100,0.0,0.001,1,1,1,0.0005,600,0.4,Adam
0.0,0.07456349206349207,0.13138533529593902,E-CDE-VAE,100,0.0,0.001,1,1,1,0.0005,600,0.4,Adam
1.0,1.0,1.0,E-CDE-VAE,100,0.0,0.001,1,1,1,0.0005,600,0.4,Adam
0.0,0.0,0.028893115613316856,E-CDE-VAE,100,0.0,0.001,1,1,1,0.0005,600,0.4,Adam
0.96,0.8297619047619047,0.7546033698413729,E-CDE-VAE,100,0.0,0.001,1,1,1,0.0005,600,0.4,Adam
1.0,1.0,1.0,E-CDE-VAE,100,0.0,0.001,1,1,1,0.0005,600,0.4,Adam
0.6133333333333333,0.521468253968254,0.4696207342279323,E-CDE-VAE,100,0.0,0.001,1,1,1,0.0005,600,0.4,Adam
0.2866666666666666,0.42269841269841263,0.44077027912747735,E-CDE-VAE,100,0.0,0.001,1,1,1,0.0005,600,0.4,Adam
0.4966666666666666,0.42107142857142854,0.37942580059259623,E-CDE-VAE,100,0.0,0.001,1,1,1,0.0005,600,0.4,Adam
0.2966666666666667,0.423531746031746,0.42144613105332923,E-CDE-VAE,100,0.0,0.001,1,1,1,0.0005,600,0.4,Adam
0.0,0.0,0.013975533195734432,E-CDE-VAE,100,0.0,0.001,1,1,1,0.0005,600,0.4,Adam
0.25666666666666665,0.31535714285714284,0.3968643830369837,E-CDE-VAE,100,0.0,0.001,1,1,1,0.0005,600,0.4,Adam
0.8699999999999999,0.7622619047619048,0.6914670872643008,E-CDE-VAE,100,0.0,0.001,1,1,1,0.0005,600,0.4,Adam
0.5866666666666667,0.5615873015873015,0.5478042019470039,E-CDE-VAE,100,0.0,0.001,1,1,1,0.0005,600,0.4,Adam
0.25666666666666665,0.20289682539682538,0.1762349097411017,E-CDE-VAE,100,0.0,0.001,1,1,1,0.0005,600,0.4,Adam
0.0,0.0,0.0,E-CDE-VAE,100,0.0,0.001,1,1,1,0.0005,600,0.4,Adam
0.0,0.0,0.0334385701587714,E-CDE-VAE,100,0.0,0.001,1,1,1,0.0005,600,0.4,Adam
0.0,0.0,0.0,E-CDE-VAE,100,0.0,0.001,1,1,1,0.0005,600,0.4,Adam
0.0,0.0,0.0,E-CDE-VAE,100,0.0,0.001,1,1,1,0.0005,600,0.4,Adam
0.4133333333333333,0.38369047619047614,0.3261856431322376,E-CDE-VAE,100,0.0,0.001,1,1,1,0.0005,600,0.4,Adam
0.0,0.0,0.0,E-CDE-VAE,100,0.0,0.001,1,1,1,0.0005,600,0.4,Adam
0.0,0.05472222222222223,0.11896470037530409,E-CDE-VAE,100,0.0,0.001,1,1,1,0.0005,600,0.4,Adam
0.09,0.11956349206349207,0.12665888634928885,E-CDE-VAE,100,0.0,0.001,1,1,1,0.0005,600,0.4,Adam
0.0,0.0,0.0,E-CDE-VAE,100,0.0,0.001,1,1,1,0.0005,600,0.4,Adam
0.09,0.14317460317460318,0.1384644419048444,E-CDE-VAE,100,0.0,0.001,1,1,1,0.0005,600,0.4,Adam
0.25666666666666665,0.3121825396825396,0.32626678124936637,E-CDE-VAE,100,0.0,0.001,1,1,1,0.0005,600,0.4,Adam
0.0,0.0,0.0,E-CDE-VAE,100,0.0,0.001,1,1,1,0.0005,600,0.4,Adam
0.09,0.10956349206349207,0.1171134318038343,E-CDE-VAE,100,0.0,0.001,1,1,1,0.0005,600,0.4,Adam
0.0,0.0,0.013975533195734432,E-CDE-VAE,100,0.0,0.001,1,1,1,0.0005,600,0.4,Adam
0.45666666666666667,0.2928968253968254,0.1798869828571841,E-CDE-VAE,100,0.0,0.001,1,1,1,0.0005,600,0.4,Adam
0.24666666666666667,0.3103571428571429,0.3744239375605475,E-CDE-VAE,100,0.0,0.001,1,1,1,0.0005,600,0.4,Adam
0.3466666666666667,0.3335714285714285,0.3451749278413366,E-CDE-VAE,100,0.0,0.001,1,1,1,0.0005,600,0.4,Adam
0.5033333333333333,0.541031746031746,0.511514296032485,E-CDE-VAE,100,0.0,0.001,1,1,1,0.0005,600,0.4,Adam
0.04,0.18718253968253967,0.35772442577202634,E-CDE-VAE,100,0.0,0.001,1,1,1,0.0005,600,0.4,Adam
0.7033333333333334,0.5889682539682539,0.5879888038518069,E-CDE-VAE,100,0.0,0.001,1,1,1,0.0005,600,0.4,Adam
0.0,0.0,0.015982112143102856,E-CDE-VAE,100,0.0,0.001,1,1,1,0.0005,600,0.4,Adam
0.2866666666666666,0.5142063492063491,0.5479920309738421,E-CDE-VAE,100,0.0,0.001,1,1,1,0.0005,600,0.4,Adam
1.0,1.0,1.0,E-CDE-VAE,100,0.0,0.001,1,1,1,0.0005,600,0.4,Adam
0.09,0.20107142857142857,0.28332968974609846,E-CDE-VAE,100,0.0,0.001,1,1,1,0.0005,600,0.4,Adam
0.45666666666666667,0.3028968253968254,0.289150520317316,E-CDE-VAE,100,0.0,0.001,1,1,1,0.0005,600,0.4,Adam
0.0,0.0,0.005131578947368421,E-CDE-VAE,100,0.0,0.001,1,1,1,0.0005,600,0.4,Adam
0.8033333333333333,0.6432539682539684,0.5649847145029034,E-CDE-VAE,100,0.0,0.001,1,1,1,0.0005,600,0.4,Adam
0.0,0.0,0.0,E-CDE-VAE,100,0.0,0.001,1,1,1,0.0005,600,0.4,Adam
0.45666666666666667,0.3785714285714285,0.3277905863915926,E-CDE-VAE,100,0.0,0.001,1,1,1,0.0005,600,0.4,Adam
0.6533333333333333,0.6396428571428572,0.5873142313912438,E-CDE-VAE,100,0.0,0.001,1,1,1,0.0005,600,0.4,Adam
0.0,0.08567460317460318,0.11762379862999058,E-CDE-VAE,100,0.0,0.001,1,1,1,0.0005,600,0.4,Adam
0.0,0.0,0.0079093567251462,E-CDE-VAE,100,0.0,0.001,1,1,1,0.0005,600,0.4,Adam
0.7133333333333333,0.5503571428571428,0.43601170952370644,E-CDE-VAE,100,0.0,0.001,1,1,1,0.0005,600,0.4,Adam
1.0,1.0,1.0,E-CDE-VAE,100,0.0,0.001,1,1,1,0.0005,600,0.4,Adam
0.8699999999999999,0.7511507936507936,0.7179296473220622,E-CDE-VAE,100,0.0,0.001,1,1,1,0.0005,600,0.4,Adam
0.0,0.021111111111111112,0.04399412571432696,E-CDE-VAE,100,0.0,0.001,1,1,1,0.0005,600,0.4,Adam
0.0,0.0,0.0,E-CDE-VAE,100,0.0,0.001,1,1,1,0.0005,600,0.4,Adam
0.0,0.0,0.0,E-CDE-VAE,100,0.0,0.001,1,1,1,0.0005,600,0.4,Adam
0.24666666666666667,0.3481349206349207,0.3909272055344037,E-CDE-VAE,100,0.0,0.001,1,1,1,0.0005,600,0.4,Adam
0.0,0.0,0.0,E-CDE-VAE,100,0.0,0.001,1,1,1,0.0005,600,0.4,Adam
0.0,0.0,0.028893115613316856,E-CDE-VAE,100,0.0,0.001,1,1,1,0.0005,600,0.4,Adam
0.2866666666666666,0.47059523809523807,0.5033909120635127,E-CDE-VAE,100,0.0,0.001,1,1,1,0.0005,600,0.4,Adam
0.0,0.0,0.0,E-CDE-VAE,100,0.0,0.001,1,1,1,0.0005,600,0.4,Adam
0.5033333333333333,0.46646825396825403,0.42439339728039416,E-CDE-VAE,100,0.0,0.001,1,1,1,0.0005,600,0.4,Adam
0.7133333333333333,0.49579365079365073,0.3794969355979418,E-CDE-VAE,100,0.0,0.001,1,1,1,0.0005,600,0.4,Adam
0.0,0.0,0.0,E-CDE-VAE,100,0.0,0.001,1,1,1,0.0005,600,0.4,Adam
0.0,0.0,0.0,E-CDE-VAE,100,0.0,0.001,1,1,1,0.0005,600,0.4,Adam
0.0,0.0,0.0,E-CDE-VAE,100,0.0,0.001,1,1,1,0.0005,600,0.4,Adam
0.3466666666666667,0.38813492063492067,0.40104019196317964,E-CDE-VAE,100,0.0,0.001,1,1,1,0.0005,600,0.4,Adam
0.2966666666666667,0.27746031746031746,0.2810811846821909,E-CDE-VAE,100,0.0,0.001,1,1,1,0.0005,600,0.4,Adam
0.0,0.0,0.0,E-CDE-VAE,100,0.0,0.001,1,1,1,0.0005,600,0.4,Adam
0.25666666666666665,0.23650793650793647,0.27815195597316333,E-CDE-VAE,100,0.0,0.001,1,1,1,0.0005,600,0.4,Adam
0.9099999999999999,0.8568253968253968,0.7721874034548182,E-CDE-VAE,100,0.0,0.001,1,1,1,0.0005,600,0.4,Adam
0.0,0.0,0.0,E-CDE-VAE,100,0.0,0.001,1,1,1,0.0005,600,0.4,Adam
0.0,0.0,0.0,E-CDE-VAE,100,0.0,0.001,1,1,1,0.0005,600,0.4,Adam
1.0,1.0,0.9751739336085311,E-CDE-VAE,100,0.0,0.001,1,1,1,0.0005,600,0.4,Adam
0.9099999999999999,0.8593253968253969,0.7742707367881516,E-CDE-VAE,100,0.0,0.001,1,1,1,0.0005,600,0.4,Adam
0.5033333333333333,0.5000793650793651,0.4685660944232926,E-CDE-VAE,100,0.0,0.001,1,1,1,0.0005,600,0.4,Adam
0.0,0.0,0.0,E-CDE-VAE,100,0.0,0.001,1,1,1,0.0005,600,0.4,Adam
0.0,0.11261904761904762,0.23199785573044088,E-CDE-VAE,100,0.0,0.001,1,1,1,0.0005,600,0.4,Adam
0.7133333333333333,0.6529761904761904,0.5796651984925978,E-CDE-VAE,100,0.0,0.001,1,1,1,0.0005,600,0.4,Adam
0.0,0.047896825396825396,0.10358896499956871,E-CDE-VAE,100,0.0,0.001,1,1,1,0.0005,600,0.4,Adam
0.0,0.0,0.0,E-CDE-VAE,100,0.0,0.001,1,1,1,0.0005,600,0.4,Adam
0.0,0.11261904761904762,0.2687234319258313,E-CDE-VAE,100,0.0,0.001,1,1,1,0.0005,600,0.4,Adam
1.0,1.0,1.0,E-CDE-VAE,100,0.0,0.001,1,1,1,0.0005,600,0.4,Adam
0.15666666666666665,0.1528968253968254,0.1458255530159555,E-CDE-VAE,100,0.0,0.001,1,1,1,0.0005,600,0.4,Adam
0.0,0.0,0.0,E-CDE-VAE,100,0.0,0.001,1,1,1,0.0005,600,0.4,Adam
0.09,0.20773809523809522,0.2495534069044131,E-CDE-VAE,100,0.0,0.001,1,1,1,0.0005,600,0.4,Adam
0.0,0.047896825396825396,0.0650185618045525,E-CDE-VAE,100,0.0,0.001,1,1,1,0.0005,600,0.4,Adam
0.45666666666666667,0.37190476190476185,0.3301160183126127,E-CDE-VAE,100,0.0,0.001,1,1,1,0.0005,600,0.4,Adam
0.0,0.0,0.0,E-CDE-VAE,100,0.0,0.001,1,1,1,0.0005,600,0.4,Adam
0.0,0.021111111111111112,0.04399412571432696,E-CDE-VAE,100,0.0,0.001,1,1,1,0.0005,600,0.4,Adam
0.0,0.0,0.0,E-CDE-VAE,100,0.0,0.001,1,1,1,0.0005,600,0.4,Adam
0.0,0.0,0.0,E-CDE-VAE,100,0.0,0.001,1,1,1,0.0005,600,0.4,Adam
0.0,0.0,0.03485582829623077,E-CDE-VAE,100,0.0,0.001,1,1,1,0.0005,600,0.4,Adam
0.0,0.0,0.0025,E-CDE-VAE,100,0.0,0.001,1,1,1,0.0005,600,0.4,Adam
0.0,0.0,0.013975533195734432,E-CDE-VAE,100,0.0,0.001,1,1,1,0.0005,600,0.4,Adam
0.0,0.0,0.0,E-CDE-VAE,100,0.0,0.001,1,1,1,0.0005,600,0.4,Adam
0.0,0.0,0.0,E-CDE-VAE,100,0.0,0.001,1,1,1,0.0005,600,0.4,Adam
0.0,0.05789682539682539,0.17150777198377815,E-CDE-VAE,100,0.0,0.001,1,1,1,0.0005,600,0.4,Adam
0.09,0.10956349206349207,0.08822031619051743,E-CDE-VAE,100,0.0,0.001,1,1,1,0.0005,600,0.4,Adam
0.0,0.0,0.0,E-CDE-VAE,100,0.0,0.001,1,1,1,0.0005,600,0.4,Adam
0.09,0.24313492063492065,0.3135863775027862,E-CDE-VAE,100,0.0,0.001,1,1,1,0.0005,600,0.4,Adam
0.15666666666666665,0.1428968253968254,0.10488698285718409,E-CDE-VAE,100,0.0,0.001,1,1,1,0.0005,600,0.4,Adam
1.0,1.0,1.0,E-CDE-VAE,100,0.0,0.001,1,1,1,0.0005,600,0.4,Adam
0.7033333333333334,0.5664682539682541,0.4378687027197089,E-CDE-VAE,100,0.0,0.001,1,1,1,0.0005,600,0.4,Adam
1.0,0.9788888888888889,0.8999950256142208,E-CDE-VAE,100,0.0,0.001,1,1,1,0.0005,600,0.4,Adam
0.0,0.0,0.0,E-CDE-VAE,100,0.0,0.001,1,1,1,0.0005,600,0.4,Adam
0.45666666666666667,0.3785714285714285,0.3741241474813456,E-CDE-VAE,100,0.0,0.001,1,1,1,0.0005,600,0.4,Adam
0.5866666666666667,0.5726984126984126,0.5353210214278324,E-CDE-VAE,100,0.0,0.001,1,1,1,0.0005,600,0.4,Adam
0.4133333333333333,0.4148015873015873,0.504630960714552,E-CDE-VAE,100,0.0,0.001,1,1,1,0.0005,600,0.4,Adam
0.0,0.06456349206349207,0.06572031619051742,E-CDE-VAE,100,0.0,0.001,1,1,1,0.0005,600,0.4,Adam
0.6533333333333333,0.541468253968254,0.4945292029521905,E-CDE-VAE,100,0.0,0.001,1,1,1,0.0005,600,0.4,Adam
0.96,0.915436507936508,0.8850859273595344,E-CDE-VAE,100,0.0,0.001,1,1,1,0.0005,600,0.4,Adam
0.19666666666666666,0.2710714285714285,0.31357909827530567,E-CDE-VAE,100,0.0,0.001,1,1,1,0.0005,600,0.4,Adam
0.5033333333333333,0.6014285714285714,0.6978985752379716,E-CDE-VAE,100,0.0,0.001,1,1,1,0.0005,600,0.4,Adam
0.0,0.0,0.0,E-CDE-VAE,100,0.0,0.001,1,1,1,0.0005,600,0.4,Adam
0.0,0.0,0.0,E-CDE-VAE,100,0.0,0.001,1,1,1,0.0005,600,0.4,Adam
0.0,0.0,0.0,E-CDE-VAE,100,0.0,0.001,1,1,1,0.0005,600,0.4,Adam
0.0,0.0,0.0,E-CDE-VAE,100,0.0,0.001,1,1,1,0.0005,600,0.4,Adam
0.96,0.894325396825397,0.8228236860318903,E-CDE-VAE,100,0.0,0.001,1,1,1,0.0005,600,0.4,Adam
0.3466666666666667,0.31246031746031744,0.32320636943895453,E-CDE-VAE,100,0.0,0.001,1,1,1,0.0005,600,0.4,Adam
0.0,0.047896825396825396,0.14037806835407454,E-CDE-VAE,100,0.0,0.001,1,1,1,0.0005,600,0.4,Adam
1.0,1.0,1.0,E-CDE-VAE,100,0.0,0.001,1,1,1,0.0005,600,0.4,Adam
0.04,0.18273809523809523,0.2818251708731585,E-CDE-VAE,100,0.0,0.001,1,1,1,0.0005,600,0.4,Adam
0.15666666666666665,0.26218253968253963,0.32952964476184293,E-CDE-VAE,100,0.0,0.001,1,1,1,0.0005,600,0.4,Adam
0.19666666666666666,0.308968253968254,0.3250408799576756,E-CDE-VAE,100,0.0,0.001,1,1,1,0.0005,600,0.4,Adam
0.5033333333333333,0.531031746031746,0.5399440065868084,E-CDE-VAE,100,0.0,0.001,1,1,1,0.0005,600,0.4,Adam
0.0,0.0,0.0,E-CDE-VAE,100,0.0,0.001,1,1,1,0.0005,600,0.4,Adam
0.0,0.0,0.0,E-CDE-VAE,100,0.0,0.001,1,1,1,0.0005,600,0.4,Adam
0.0,0.043611111111111114,0.15076497311597928,E-CDE-VAE,100,0.0,0.001,1,1,1,0.0005,600,0.4,Adam
0.5033333333333333,0.5678174603174602,0.6249362262694305,E-CDE-VAE,100,0.0,0.001,1,1,1,0.0005,600,0.4,Adam
0.0,0.0,0.0,E-CDE-VAE,100,0.0,0.001,1,1,1,0.0005,600,0.4,Adam
0.5433333333333333,0.6214285714285716,0.6522335561325499,E-CDE-VAE,100,0.0,0.001,1,1,1,0.0005,600,0.4,Adam
0.0,0.0,0.017308866529067764,E-CDE-VAE,100,0.0,0.001,1,1,1,0.0005,600,0.4,Adam
1.0,1.0,1.0,E-CDE-VAE,100,0.0,0.001,1,1,1,0.0005,600,0.4,Adam
0.15666666666666665,0.1528968253968254,0.1846734798998731,E-CDE-VAE,100,0.0,0.001,1,1,1,0.0005,600,0.4,Adam
0.09,0.20773809523809522,0.2566294302962259,E-CDE-VAE,100,0.0,0.001,1,1,1,0.0005,600,0.4,Adam
0.9099999999999999,0.8804365079365081,0.8548590015076083,E-CDE-VAE,100,0.0,0.001,1,1,1,0.0005,600,0.4,Adam
0.24666666666666667,0.31702380952380954,0.33499249482028126,E-CDE-VAE,100,0.0,0.001,1,1,1,0.0005,600,0.4,Adam
0.0,0.0,0.0,E-CDE-VAE,100,0.0,0.001,1,1,1,0.0005,600,0.4,Adam
0.7533333333333333,0.5914682539682541,0.5006943623971488,E-CDE-VAE,100,0.0,0.001,1,1,1,0.0005,600,0.4,Adam
0.8699999999999999,0.8058730158730159,0.712585254228056,E-CDE-VAE,100,0.0,0.001,1,1,1,0.0005,600,0.4,Adam
0.8433333333333334,0.8571031746031746,0.8564110350004315,E-CDE-VAE,100,0.0,0.001,1,1,1,0.0005,600,0.4,Adam
0.8033333333333333,0.6532539682539683,0.5437645071217053,E-CDE-VAE,100,0.0,0.001,1,1,1,0.0005,600,0.4,Adam
0.09,0.1741269841269841,0.21473583777763344,E-CDE-VAE,100,0.0,0.001,1,1,1,0.0005,600,0.4,Adam
0.7433333333333334,0.7592063492063492,0.7809952059894012,E-CDE-VAE,100,0.0,0.001,1,1,1,0.0005,600,0.4,Adam
0.8433333333333334,0.8571031746031746,0.8795720814703014,E-CDE-VAE,100,0.0,0.001,1,1,1,0.0005,600,0.4,Adam
0.25666666666666665,0.23650793650793647,0.27815195597316333,E-CDE-VAE,100,0.0,0.001,1,1,1,0.0005,600,0.4,Adam
0.45666666666666667,0.3574603174603174,0.3215638452964304,E-CDE-VAE,100,0.0,0.001,1,1,1,0.0005,600,0.4,Adam
0.4966666666666666,0.490079365079365,0.5641185074815105,E-CDE-VAE,100,0.0,0.001,1,1,1,0.0005,600,0.4,Adam
1.0,0.9452777777777779,0.8924112153756116,E-CDE-VAE,100,0.0,0.001,1,1,1,0.0005,600,0.4,Adam
0.24666666666666667,0.343968253968254,0.33917697777798395,E-CDE-VAE,100,0.0,0.001,1,1,1,0.0005,600,0.4,Adam
0.0,0.0,0.0,E-CDE-VAE,100,0.0,0.001,1,1,1,0.0005,600,0.4,Adam
0.9099999999999999,0.8568253968253968,0.8506850248994213,E-CDE-VAE,100,0.0,0.001,1,1,1,0.0005,600,0.4,Adam
1.0,1.0,1.0,E-CDE-VAE,100,0.0,0.001,1,1,1,0.0005,600,0.4,Adam
0.3466666666666667,0.4249206349206349,0.5065654845240759,E-CDE-VAE,100,0.0,0.001,1,1,1,0.0005,600,0.4,Adam
0.09,0.11956349206349207,0.19352026821647567,E-CDE-VAE,100,0.0,0.001,1,1,1,0.0005,600,0.4,Adam
0.15666666666666665,0.1528968253968254,0.16493266515905836,E-CDE-VAE,100,0.0,0.001,1,1,1,0.0005,600,0.4,Adam
0.24666666666666667,0.398531746031746,0.43766467858766617,E-CDE-VAE,100,0.0,0.001,1,1,1,0.0005,600,0.4,Adam
0.0,0.0,0.047414103354505834,E-CDE-VAE,100,0.0,0.001,1,1,1,0.0005,600,0.4,Adam
0.45666666666666667,0.40551587301587294,0.41021817192095833,E-CDE-VAE,100,0.0,0.001,1,1,1,0.0005,600,0.4,Adam
0.7033333333333334,0.5453571428571429,0.41909280025959594,E-CDE-VAE,100,0.0,0.001,1,1,1,0.0005,600,0.4,Adam
0.0,0.0690079365079365,0.1660949647617604,E-CDE-VAE,100,0.0,0.001,1,1,1,0.0005,600,0.4,Adam
0.5866666666666667,0.5181349206349206,0.48521758835419826,E-CDE-VAE,100,0.0,0.001,1,1,1,0.0005,600,0.4,Adam
0.7433333333333334,0.7759920634920634,0.6762372966300986,E-CDE-VAE,100,0.0,0.001,1,1,1,0.0005,600,0.4,Adam
0.04,0.11817460317460318,0.14327330843391212,E-CDE-VAE,100,0.0,0.001,1,1,1,0.0005,600,0.4,Adam
0.3466666666666667,0.36702380952380953,0.38448004158723975,E-CDE-VAE,100,0.0,0.001,1,1,1,0.0005,600,0.4,Adam
0.09,0.25563492063492066,0.33533788472449466,E-CDE-VAE,100,0.0,0.001,1,1,1,0.0005,600,0.4,Adam
0.0,0.021111111111111112,0.06487442081482328,E-CDE-VAE,100,0.0,0.001,1,1,1,0.0005,600,0.4,Adam
0.7533333333333333,0.5803571428571429,0.45209225178845924,E-CDE-VAE,100,0.0,0.001,1,1,1,0.0005,600,0.4,Adam
0.04,0.17023809523809524,0.2829022495392465,E-CDE-VAE,100,0.0,0.001,1,1,1,0.0005,600,0.4,Adam
0.9099999999999999,0.8114285714285716,0.7119981330159348,E-CDE-VAE,100,0.0,0.001,1,1,1,0.0005,600,0.4,Adam
0.0,0.06456349206349207,0.09461343180383427,E-CDE-VAE,100,0.0,0.001,1,1,1,0.0005,600,0.4,Adam
0.15666666666666665,0.1428968253968254,0.14917608621168993,E-CDE-VAE,100,0.0,0.001,1,1,1,0.0005,600,0.4,Adam
0.25666666666666665,0.3053571428571428,0.35035305746025563,E-CDE-VAE,100,0.0,0.001,1,1,1,0.0005,600,0.4,Adam
0.0,0.047896825396825396,0.05738698285718409,E-CDE-VAE,100,0.0,0.001,1,1,1,0.0005,600,0.4,Adam
0.15666666666666665,0.1640079365079365,0.15138110857151105,E-CDE-VAE,100,0.0,0.001,1,1,1,0.0005,600,0.4,Adam
0.2866666666666666,0.406031746031746,0.40707113105332926,E-CDE-VAE,100,0.0,0.001,1,1,1,0.0005,600,0.4,Adam
0.0,0.047896825396825396,0.06251856180455251,E-CDE-VAE,100,0.0,0.001,1,1,1,0.0005,600,0.4,Adam
0.6133333333333333,0.5482539682539682,0.5061357622425733,E-CDE-VAE,100,0.0,0.001,1,1,1,0.0005,600,0.4,Adam
0.25666666666666665,0.2265079365079365,0.20829050829631326,E-CDE-VAE,100,0.0,0.001,1,1,1,0.0005,600,0.4,Adam
0.45666666666666667,0.3028968253968254,0.22623490974110175,E-CDE-VAE,100,0.0,0.001,1,1,1,0.0005,600,0.4,Adam
0.24666666666666667,0.25246031746031744,0.1931072990477015,E-CDE-VAE,100,0.0,0.001,1,1,1,0.0005,600,0.4,Adam
0.5466666666666666,0.4670238095238094,0.37346780025959586,E-CDE-VAE,100,0.0,0.001,1,1,1,0.0005,600,0.4,Adam
0.0,0.047896825396825396,0.05738698285718409,E-CDE-VAE,100,0.0,0.001,1,1,1,0.0005,600,0.4,Adam
0.96,0.7818650793650793,0.6713360918836926,E-CDE-VAE,100,0.0,0.001,1,1,1,0.0005,600,0.4,Adam
0.09,0.11956349206349207,0.15138533529593898,E-CDE-VAE,100,0.0,0.001,1,1,1,0.0005,600,0.4,Adam
0.0,0.08567460317460318,0.19818983476104218,E-CDE-VAE,100,0.0,0.001,1,1,1,0.0005,600,0.4,Adam
0.8699999999999999,0.7847619047619048,0.6289509434923521,E-CDE-VAE,100,0.0,0.001,1,1,1,0.0005,600,0.4,Adam
1.0,0.9209920634920635,0.8094023157355201,E-CDE-VAE,100,0.0,0.001,1,1,1,0.0005,600,0.4,Adam
0.2866666666666666,0.4451984126984126,0.4765086328360321,E-CDE-VAE,100,0.0,0.001,1,1,1,0.0005,600,0.4,Adam
0.0,0.0,0.0,E-CDE-VAE,100,0.0,0.001,1,1,1,0.0005,600,0.4,Adam
0.15666666666666665,0.1428968253968254,0.11279633958233029,E-CDE-VAE,100,0.0,0.001,1,1,1,0.0005,600,0.4,Adam
0.5866666666666667,0.5517460317460317,0.5129204154978149,E-CDE-VAE,100,0.0,0.001,1,1,1,0.0005,600,0.4,Adam
1.0,0.966388888888889,0.8876735970427921,E-CDE-VAE,100,0.0,0.001,1,1,1,0.0005,600,0.4,Adam
0.4966666666666666,0.37746031746031744,0.28689695087334405,E-CDE-VAE,100,0.0,0.001,1,1,1,0.0005,600,0.4,Adam
0.4966666666666666,0.4253571428571429,0.3947732461896548,E-CDE-VAE,100,0.0,0.001,1,1,1,0.0005,600,0.4,Adam
0.0,0.0,0.035938570158771395,E-CDE-VAE,100,0.0,0.001,1,1,1,0.0005,600,0.4,Adam
0.0,0.0,0.0,E-CDE-VAE,100,0.0,0.001,1,1,1,0.0005,600,0.4,Adam
0.8033333333333333,0.7079761904761905,0.6928771793651824,E-CDE-VAE,100,0.0,0.001,1,1,1,0.0005,600,0.4,Adam
0.0,0.0,0.0,E-CDE-VAE,100,0.0,0.001,1,1,1,0.0005,600,0.4,Adam
0.19666666666666666,0.27535714285714286,0.2800295973806036,E-CDE-VAE,100,0.0,0.001,1,1,1,0.0005,600,0.4,Adam
0.04,0.1492857142857143,0.3016319817093811,E-CDE-VAE,100,0.0,0.001,1,1,1,0.0005,600,0.4,Adam
0.04,0.08456349206349206,0.15129381926982546,E-CDE-VAE,100,0.0,0.001,1,1,1,0.0005,600,0.4,Adam
0.7533333333333333,0.5703571428571428,0.49644388549187307,E-CDE-VAE,100,0.0,0.001,1,1,1,0.0005,600,0.4,Adam
0.13,0.22773809523809524,0.26038674023774644,E-CDE-VAE,100,0.0,0.001,1,1,1,0.0005,600,0.4,Adam
0.45666666666666667,0.3028968253968254,0.28144949692550314,E-CDE-VAE,100,0.0,0.001,1,1,1,0.0005,600,0.4,Adam
0.45666666666666667,0.4121825396825397,0.4011963114285096,E-CDE-VAE,100,0.0,0.001,1,1,1,0.0005,600,0.4,Adam
0.2966666666666667,0.35202380952380957,0.39323993150812037,E-CDE-VAE,100,0.0,0.001,1,1,1,0.0005,600,0.4,Adam
0.19666666666666666,0.2710714285714285,0.33224503394782035,E-CDE-VAE,100,0.0,0.001,1,1,1,0.0005,600,0.4,Adam
0.8433333333333334,0.8259920634920634,0.7627662179152115,E-CDE-VAE,100,0.0,0.001,1,1,1,0.0005,600,0.4,Adam
0.0,0.09817460317460318,0.16337854525935022,E-CDE-VAE,100,0.0,0.001,1,1,1,0.0005,600,0.4,Adam
0.13,0.2586904761904762,0.29573532440212,E-CDE-VAE,100,0.0,0.001,1,1,1,0.0005,600,0.4,Adam
0.04,0.15912698412698412,0.26014310809589447,E-CDE-VAE,100,0.0,0.001,1,1,1,0.0005,600,0.4,Adam
0.5433333333333333,0.628095238095238,0.5903974910108811,E-CDE-VAE,100,0.0,0.001,1,1,1,0.0005,600,0.4,Adam
1.0,1.0,1.0,E-CDE-VAE,100,0.0,0.001,1,1,1,0.0005,600,0.4,Adam
1.0,0.9354365079365079,0.9317796838094823,E-CDE-VAE,100,0.0,0.001,1,1,1,0.0005,600,0.4,Adam
0.0,0.0,0.0,E-CDE-VAE,100,0.0,0.001,1,1,1,0.0005,600,0.4,Adam
0.96,0.8239285714285716,0.7174147996826015,E-CDE-VAE,100,0.0,0.001,1,1,1,0.0005,600,0.4,Adam
0.9099999999999999,0.7568650793650793,0.6635866833544852,E-CDE-VAE,100,0.0,0.001,1,1,1,0.0005,600,0.4,Adam
0.0,0.06456349206349207,0.06572031619051742,E-CDE-VAE,100,0.0,0.001,1,1,1,0.0005,600,0.4,Adam
0.0,0.0,0.0334385701587714,E-CDE-VAE,100,0.0,0.001,1,1,1,0.0005,600,0.4,Adam
0.4966666666666666,0.4631349206349206,0.45164615978276973,E-CDE-VAE,100,0.0,0.001,1,1,1,0.0005,600,0.4,Adam
1.0,1.0,1.0,E-CDE-VAE,100,0.0,0.001,1,1,1,0.0005,600,0.4,Adam
0.7433333333333334,0.8071031746031746,0.8245062730956695,E-CDE-VAE,100,0.0,0.001,1,1,1,0.0005,600,0.4,Adam
0.25666666666666665,0.1928968253968254,0.14719584938625185,E-CDE-VAE,100,0.0,0.001,1,1,1,0.0005,600,0.4,Adam
0.0,0.0,0.0,E-CDE-VAE,100,0.0,0.001,1,1,1,0.0005,600,0.4,Adam
0.0,0.0,0.0079093567251462,E-CDE-VAE,100,0.0,0.001,1,1,1,0.0005,600,0.4,Adam
0.5466666666666666,0.48396825396825405,0.4540805747829741,E-CDE-VAE,100,0.0001,0.001,1,1,1,0.0005,600,0.4,Adam
0.9099999999999999,0.7232539682539683,0.616670227777039,E-CDE-VAE,100,0.0001,0.001,1,1,1,0.0005,600,0.4,Adam
0.0,0.0,0.010850533195734433,E-CDE-VAE,100,0.0001,0.001,1,1,1,0.0005,600,0.4,Adam
0.0,0.0,0.0,E-CDE-VAE,100,0.0001,0.001,1,1,1,0.0005,600,0.4,Adam
0.0,0.0,0.0,E-CDE-VAE,100,0.0001,0.001,1,1,1,0.0005,600,0.4,Adam
0.4966666666666666,0.4110714285714286,0.3440405863915926,E-CDE-VAE,100,0.0001,0.001,1,1,1,0.0005,600,0.4,Adam
0.15666666666666665,0.1907936507936508,0.22029139333318898,E-CDE-VAE,100,0.0001,0.001,1,1,1,0.0005,600,0.4,Adam
0.09,0.27674603174603174,0.3195413998626072,E-CDE-VAE,100,0.0001,0.001,1,1,1,0.0005,600,0.4,Adam
0.0,0.0,0.0,E-CDE-VAE,100,0.0001,0.001,1,1,1,0.0005,600,0.4,Adam
0.6533333333333333,0.5203571428571429,0.4066962640472703,E-CDE-VAE,100,0.0001,0.001,1,1,1,0.0005,600,0.4,Adam
0.13,0.3613095238095238,0.46626444784146026,E-CDE-VAE,100,0.0001,0.001,1,1,1,0.0005,600,0.4,Adam
0.3866666666666666,0.5063095238095238,0.4836442107514089,E-CDE-VAE,100,0.0001,0.001,1,1,1,0.0005,600,0.4,Adam
0.5433333333333333,0.5299206349206349,0.4463676036296005,E-CDE-VAE,100,0.0001,0.001,1,1,1,0.0005,600,0.4,Adam
0.7033333333333334,0.641031746031746,0.648894590316804,E-CDE-VAE,100,0.0001,0.001,1,1,1,0.0005,600,0.4,Adam
0.7133333333333333,0.6629761904761905,0.7005129850369787,E-CDE-VAE,100,0.0001,0.001,1,1,1,0.0005,600,0.4,Adam
1.0,1.0,1.0,E-CDE-VAE,100,0.0001,0.001,1,1,1,0.0005,600,0.4,Adam
0.4533333333333333,0.5428174603174603,0.5023899533129409,E-CDE-VAE,100,0.0001,0.001,1,1,1,0.0005,600,0.4,Adam
0.2866666666666666,0.41853174603174603,0.43178218388938205,E-CDE-VAE,100,0.0001,0.001,1,1,1,0.0005,600,0.4,Adam
0.45666666666666667,0.3785714285714285,0.3468976985346954,E-CDE-VAE,100,0.0001,0.001,1,1,1,0.0005,600,0.4,Adam
1.0,1.0,1.0,E-CDE-VAE,100,0.0001,0.001,1,1,1,0.0005,600,0.4,Adam
0.0,0.0,0.05133356108975303,E-CDE-VAE,100,0.0001,0.001,1,1,1,0.0005,600,0.4,Adam
0.0,0.0,0.005131578947368421,E-CDE-VAE,100,0.0001,0.001,1,1,1,0.0005,600,0.4,Adam
0.25666666666666665,0.1928968253968254,0.20365312662913276,E-CDE-VAE,100,0.0001,0.001,1,1,1,0.0005,600,0.4,Adam
0.96,0.8339285714285716,0.7537329646617571,E-CDE-VAE,100,0.0001,0.001,1,1,1,0.0005,600,0.4,Adam
0.04,0.08456349206349206,0.07572031619051742,E-CDE-VAE,100,0.0001,0.001,1,1,1,0.0005,600,0.4,Adam
0.0,0.0,0.0079093567251462,E-CDE-VAE,100,0.0001,0.001,1,1,1,0.0005,600,0.4,Adam
0.13,0.2898015873015873,0.3329739395451469,E-CDE-VAE,100,0.0001,0.001,1,1,1,0.0005,600,0.4,Adam
0.9099999999999999,0.890436507936508,0.8828865681961657,E-CDE-VAE,100,0.0001,0.001,1,1,1,0.0005,600,0.4,Adam
0.13,0.2923015873015873,0.29075560748161366,E-CDE-VAE,100,0.0001,0.001,1,1,1,0.0005,600,0.4,Adam
0.04,0.19718253968253968,0.3265487571853671,E-CDE-VAE,100,0.0001,0.001,1,1,1,0.0005,600,0.4,Adam
0.0,0.043611111111111114,0.08868269587309836,E-CDE-VAE,100,0.0001,0.001,1,1,1,0.0005,600,0.4,Adam
0.0,0.0,0.0,E-CDE-VAE,100,0.0001,0.001,1,1,1,0.0005,600,0.4,Adam
0.0,0.0,0.03818916162956411,E-CDE-VAE,100,0.0001,0.001,1,1,1,0.0005,600,0.4,Adam
0.24666666666666667,0.33146825396825397,0.43131830630669643,E-CDE-VAE,100,0.0001,0.001,1,1,1,0.0005,600,0.4,Adam
0.0,0.0,0.0,E-CDE-VAE,100,0.0001,0.001,1,1,1,0.0005,600,0.4,Adam
1.0,0.9521031746031747,0.853202473910678,E-CDE-VAE,100,0.0001,0.001,1,1,1,0.0005,600,0.4,Adam
0.2966666666666667,0.4446428571428571,0.5517646755978799,E-CDE-VAE,100,0.0001,0.001,1,1,1,0.0005,600,0.4,Adam
0.0,0.0,0.0,E-CDE-VAE,100,0.0001,0.001,1,1,1,0.0005,600,0.4,Adam
1.0,0.8775396825396825,0.7520991431169449,E-CDE-VAE,100,0.0001,0.001,1,1,1,0.0005,600,0.4,Adam
0.5033333333333333,0.5243650793650794,0.5651330536508555,E-CDE-VAE,100,0.0001,0.001,1,1,1,0.0005,600,0.4,Adam
0.0,0.0,0.0,E-CDE-VAE,100,0.0001,0.001,1,1,1,0.0005,600,0.4,Adam
0.15666666666666665,0.21746031746031744,0.24296709997948387,E-CDE-VAE,100,0.0001,0.001,1,1,1,0.0005,600,0.4,Adam
0.0,0.14357142857142854,0.23036606131226875,E-CDE-VAE,100,0.0001,0.001,1,1,1,0.0005,600,0.4,Adam
0.2966666666666667,0.32535714285714284,0.3325765591477665,E-CDE-VAE,100,0.0001,0.001,1,1,1,0.0005,600,0.4,Adam
0.2966666666666667,0.27746031746031746,0.24809470629130073,E-CDE-VAE,100,0.0001,0.001,1,1,1,0.0005,600,0.4,Adam
0.5866666666666667,0.4870238095238094,0.4140686577354534,E-CDE-VAE,100,0.0001,0.001,1,1,1,0.0005,600,0.4,Adam
0.8699999999999999,0.7958730158730158,0.755485864539657,E-CDE-VAE,100,0.0001,0.001,1,1,1,0.0005,600,0.4,Adam
0.25666666666666665,0.2619047619047619,0.2987313561481518,E-CDE-VAE,100,0.0001,0.001,1,1,1,0.0005,600,0.4,Adam
0.15666666666666665,0.1740079365079365,0.22802823982003545,E-CDE-VAE,100,0.0001,0.001,1,1,1,0.0005,600,0.4,Adam
0.8433333333333334,0.8571031746031746,0.8951130171428158,E-CDE-VAE,100,0.0001,0.001,1,1,1,0.0005,600,0.4,Adam
0.0,0.0,0.0,E-CDE-VAE,100,0.0001,0.001,1,1,1,0.0005,600,0.4,Adam
1.0,1.0,1.0,E-CDE-VAE,100,0.0001,0.001,1,1,1,0.0005,600,0.4,Adam
0.0,0.01,0.08918600684661057,E-CDE-VAE,100,0.0001,0.001,1,1,1,0.0005,600,0.4,Adam
0.8433333333333334,0.7825396825396826,0.7348345662335599,E-CDE-VAE,100,0.0001,0.001,1,1,1,0.0005,600,0.4,Adam
0.25666666666666665,0.2140079365079365,0.23214574512175132,E-CDE-VAE,100,0.0001,0.001,1,1,1,0.0005,600,0.4,Adam
0.09,0.14317460317460318,0.18837854525935022,E-CDE-VAE,100,0.0001,0.001,1,1,1,0.0005,600,0.4,Adam
0.0,0.0,0.024726448946650187,E-CDE-VAE,100,0.0001,0.001,1,1,1,0.0005,600,0.4,Adam
0.15666666666666665,0.1428968253968254,0.14168945519564716,E-CDE-VAE,100,0.0001,0.001,1,1,1,0.0005,600,0.4,Adam
0.0,0.0815079365079365,0.1826227425395382,E-CDE-VAE,100,0.0001,0.001,1,1,1,0.0005,600,0.4,Adam
0.5866666666666667,0.578531746031746,0.5820831612917526,E-CDE-VAE,100,0.0001,0.001,1,1,1,0.0005,600,0.4,Adam
0.45666666666666667,0.3910714285714285,0.35914802281481845,E-CDE-VAE,100,0.0001,0.001,1,1,1,0.0005,600,0.4,Adam
0.8433333333333334,0.8571031746031746,0.8092708499790543,E-CDE-VAE,100,0.0001,0.001,1,1,1,0.0005,600,0.4,Adam
0.2866666666666666,0.3581349206349206,0.3566553020422989,E-CDE-VAE,100,0.0001,0.001,1,1,1,0.0005,600,0.4,Adam
0.3866666666666666,0.39702380952380956,0.43936963513782407,E-CDE-VAE,100,0.0001,0.001,1,1,1,0.0005,600,0.4,Adam
0.0,0.021111111111111112,0.04399412571432696,E-CDE-VAE,100,0.0001,0.001,1,1,1,0.0005,600,0.4,Adam
0.15666666666666665,0.288968253968254,0.37975473614792504,E-CDE-VAE,100,0.0001,0.001,1,1,1,0.0005,600,0.4,Adam
0.0,0.0,0.0,E-CDE-VAE,100,0.0001,0.001,1,1,1,0.0005,600,0.4,Adam
0.0,0.0,0.017308866529067764,E-CDE-VAE,100,0.0001,0.001,1,1,1,0.0005,600,0.4,Adam
0.0,0.0,0.0,E-CDE-VAE,100,0.0001,0.001,1,1,1,0.0005,600,0.4,Adam
0.7033333333333334,0.6889285714285714,0.7159891755131691,E-CDE-VAE,100,0.0001,0.001,1,1,1,0.0005,600,0.4,Adam
0.7133333333333333,0.5648015873015872,0.5359180632748743,E-CDE-VAE,100,0.0001,0.001,1,1,1,0.0005,600,0.4,Adam
0.8699999999999999,0.6976984126984127,0.5654627394449376,E-CDE-VAE,100,0.0001,0.001,1,1,1,0.0005,600,0.4,Adam
0.7033333333333334,0.7225396825396825,0.7516275159309215,E-CDE-VAE,100,0.0001,0.001,1,1,1,0.0005,600,0.4,Adam
0.7033333333333334,0.6678174603174603,0.5865926664494776,E-CDE-VAE,100,0.0001,0.001,1,1,1,0.0005,600,0.4,Adam
0.09,0.20523809523809522,0.32064983885223824,E-CDE-VAE,100,0.0001,0.001,1,1,1,0.0005,600,0.4,Adam
0.25666666666666665,0.24079365079365084,0.23388530458189902,E-CDE-VAE,100,0.0001,0.001,1,1,1,0.0005,600,0.4,Adam
0.0,0.0815079365079365,0.1619499738307788,E-CDE-VAE,100,0.0001,0.001,1,1,1,0.0005,600,0.4,Adam
0.7433333333333334,0.7592063492063492,0.8048166775604857,E-CDE-VAE,100,0.0001,0.001,1,1,1,0.0005,600,0.4,Adam
0.7133333333333333,0.5982539682539683,0.47262491357112113,E-CDE-VAE,100,0.0001,0.001,1,1,1,0.0005,600,0.4,Adam
0.0,0.0,0.0,E-CDE-VAE,100,0.0001,0.001,1,1,1,0.0005,600,0.4,Adam
0.25666666666666665,0.2619047619047619,0.27330340690441307,E-CDE-VAE,100,0.0001,0.001,1,1,1,0.0005,600,0.4,Adam
0.0,0.06456349206349207,0.11313441954502326,E-CDE-VAE,100,0.0001,0.001,1,1,1,0.0005,600,0.4,Adam
0.25666666666666665,0.2574603174603175,0.2384759478567528,E-CDE-VAE,100,0.0001,0.001,1,1,1,0.0005,600,0.4,Adam
0.7533333333333333,0.7164285714285714,0.6716754205976343,E-CDE-VAE,100,0.0001,0.001,1,1,1,0.0005,600,0.4,Adam
0.15666666666666665,0.286468253968254,0.38194253007914003,E-CDE-VAE,100,0.0001,0.001,1,1,1,0.0005,600,0.4,Adam
0.6533333333333333,0.6329761904761906,0.6776022356556413,E-CDE-VAE,100,0.0001,0.001,1,1,1,0.0005,600,0.4,Adam
0.4533333333333333,0.5428174603174603,0.5620900601376608,E-CDE-VAE,100,0.0001,0.001,1,1,1,0.0005,600,0.4,Adam
0.5033333333333333,0.5199206349206349,0.5378624770052789,E-CDE-VAE,100,0.0001,0.001,1,1,1,0.0005,600,0.4,Adam
0.0,0.0,0.028893115613316856,E-CDE-VAE,100,0.0001,0.001,1,1,1,0.0005,600,0.4,Adam
0.0,0.0,0.0,E-CDE-VAE,100,0.0001,0.001,1,1,1,0.0005,600,0.4,Adam
0.0,0.0,0.0,E-CDE-VAE,100,0.0001,0.001,1,1,1,0.0005,600,0.4,Adam
0.0,0.0,0.0,E-CDE-VAE,100,0.0001,0.001,1,1,1,0.0005,600,0.4,Adam
0.15666666666666665,0.1428968253968254,0.14345713196332394,E-CDE-VAE,100,0.0001,0.001,1,1,1,0.0005,600,0.4,Adam
0.25666666666666665,0.2619047619047619,0.272338240534835,E-CDE-VAE,100,0.0001,0.001,1,1,1,0.0005,600,0.4,Adam
0.0,0.0,0.04068916162956411,E-CDE-VAE,100,0.0001,0.001,1,1,1,0.0005,600,0.4,Adam
0.25666666666666665,0.2574603174603175,0.20351665577284775,E-CDE-VAE,100,0.0001,0.001,1,1,1,0.0005,600,0.4,Adam
0.0,0.021111111111111112,0.06380299224339472,E-CDE-VAE,100,0.0001,0.001,1,1,1,0.0005,600,0.4,Adam
1.0,1.0,1.0,E-CDE-VAE,100,0.0001,0.001,1,1,1,0.0005,600,0.4,Adam
0.24666666666666667,0.32702380952380955,0.31852607531787097,E-CDE-VAE,100,0.0001,0.001,1,1,1,0.0005,600,0.4,Adam
0.7433333333333334,0.8071031746031746,0.8401553718039787,E-CDE-VAE,100,0.0001,0.001,1,1,1,0.0005,600,0.4,Adam
0.3866666666666666,0.5642063492063492,0.6309470700008626,E-CDE-VAE,100,0.0001,0.001,1,1,1,0.0005,600,0.4,Adam
0.25666666666666665,0.1928968253968254,0.16234462819602133,E-CDE-VAE,100,0.0001,0.001,1,1,1,0.0005,600,0.4,Adam
0.4966666666666666,0.490079365079365,0.5327292382110492,E-CDE-VAE,100,0.0001,0.001,1,1,1,0.0005,600,0.4,Adam
0.5466666666666666,0.4503571428571428,0.39770813809513494,E-CDE-VAE,100,0.0001,0.001,1,1,1,0.0005,600,0.4,Adam
0.0,0.0,0.03680247233846305,E-CDE-VAE,100,0.0001,0.001,1,1,1,0.0005,600,0.4,Adam
0.0,0.05472222222222223,0.09673825142865392,E-CDE-VAE,100,0.0001,0.001,1,1,1,0.0005,600,0.4,Adam
0.0,0.0,0.0,E-CDE-VAE,100,0.0001,0.001,1,1,1,0.0005,600,0.4,Adam
0.0,0.0,0.0,E-CDE-VAE,100,0.0001,0.001,1,1,1,0.0005,600,0.4,Adam
0.19666666666666666,0.32563492063492067,0.3174520360530423,E-CDE-VAE,100,0.0001,0.001,1,1,1,0.0005,600,0.4,Adam
0.5433333333333333,0.6759920634920634,0.6778840474970506,E-CDE-VAE,100,0.0001,0.001,1,1,1,0.0005,600,0.4,Adam
1.0,1.0,0.9682691717037691,E-CDE-VAE,100,0.0001,0.001,1,1,1,0.0005,600,0.4,Adam
1.0,1.0,1.0,E-CDE-VAE,100,0.0001,0.001,1,1,1,0.0005,600,0.4,Adam
0.0,0.021111111111111112,0.04399412571432696,E-CDE-VAE,100,0.0001,0.001,1,1,1,0.0005,600,0.4,Adam
0.4133333333333333,0.4693650793650794,0.46696884148703044,E-CDE-VAE,100,0.0001,0.001,1,1,1,0.0005,600,0.4,Adam
0.0,0.0,0.0,E-CDE-VAE,100,0.0001,0.001,1,1,1,0.0005,600,0.4,Adam
0.0,0.0,0.0,E-CDE-VAE,100,0.0001,0.001,1,1,1,0.0005,600,0.4,Adam
0.0,0.0,0.0,E-CDE-VAE,100,0.0001,0.001,1,1,1,0.0005,600,0.4,Adam
0.4533333333333333,0.5496428571428572,0.6456126024817975,E-CDE-VAE,100,0.0001,0.001,1,1,1,0.0005,600,0.4,Adam
0.0,0.0,0.0,E-CDE-VAE,100,0.0001,0.001,1,1,1,0.0005,600,0.4,Adam
0.8699999999999999,0.6598015873015873,0.6105094827772847,E-CDE-VAE,100,0.0001,0.001,1,1,1,0.0005,600,0.4,Adam
0.0,0.0,0.052273410713813195,E-CDE-VAE,100,0.0001,0.001,1,1,1,0.0005,600,0.4,Adam
1.0,1.0,1.0,E-CDE-VAE,100,0.0001,0.001,1,1,1,0.0005,600,0.4,Adam
0.5866666666666667,0.633095238095238,0.6487686438518481,E-CDE-VAE,100,0.0001,0.001,1,1,1,0.0005,600,0.4,Adam
0.45666666666666667,0.3140079365079365,0.252774224184828,E-CDE-VAE,100,0.0001,0.001,1,1,1,0.0005,600,0.4,Adam
0.0,0.0,0.0,E-CDE-VAE,100,0.0001,0.001,1,1,1,0.0005,600,0.4,Adam
1.0,1.0,0.9665614298412285,E-CDE-VAE,100,0.0001,0.001,1,1,1,0.0005,600,0.4,Adam
0.3866666666666666,0.4726984126984126,0.4550817519683618,E-CDE-VAE,100,0.0001,0.001,1,1,1,0.0005,600,0.4,Adam
0.0,0.0,0.03680247233846305,E-CDE-VAE,100,0.0001,0.001,1,1,1,0.0005,600,0.4,Adam
1.0,1.0,1.0,E-CDE-VAE,100,0.0001,0.001,1,1,1,0.0005,600,0.4,Adam
1.0,1.0,1.0,E-CDE-VAE,100,0.0001,0.001,1,1,1,0.0005,600,0.4,Adam
0.24666666666666667,0.30718253968253967,0.3636527694441781,E-CDE-VAE,100,0.0001,0.001,1,1,1,0.0005,600,0.4,Adam
0.8033333333333333,0.6699206349206349,0.6295783050368964,E-CDE-VAE,100,0.0001,0.001,1,1,1,0.0005,600,0.4,Adam
0.04,0.1492857142857143,0.2292774328784391,E-CDE-VAE,100,0.0001,0.001,1,1,1,0.0005,600,0.4,Adam
0.6133333333333333,0.43579365079365073,0.3234759478567528,E-CDE-VAE,100,0.0001,0.001,1,1,1,0.0005,600,0.4,Adam
0.0,0.0,0.010409356725146198,E-CDE-VAE,100,0.0001,0.001,1,1,1,0.0005,600,0.4,Adam
0.5466666666666666,0.40246031746031746,0.29283374799435175,E-CDE-VAE,100,0.0001,0.001,1,1,1,0.0005,600,0.4,Adam
0.0,0.0,0.0,E-CDE-VAE,100,0.0001,0.001,1,1,1,0.0005,600,0.4,Adam
0.4133333333333333,0.40480158730158733,0.4065878847244947,E-CDE-VAE,100,0.0001,0.001,1,1,1,0.0005,600,0.4,Adam
0.0,0.0,0.0,E-CDE-VAE,100,0.0001,0.001,1,1,1,0.0005,600,0.4,Adam
0.0,0.0,0.0,E-CDE-VAE,100,0.0001,0.001,1,1,1,0.0005,600,0.4,Adam
0.09,0.20107142857142857,0.2880091769255856,E-CDE-VAE,100,0.0001,0.001,1,1,1,0.0005,600,0.4,Adam
0.0,0.0,0.017308866529067764,E-CDE-VAE,100,0.0001,0.001,1,1,1,0.0005,600,0.4,Adam
0.0,0.0,0.0,E-CDE-VAE,100,0.0001,0.001,1,1,1,0.0005,600,0.4,Adam
0.7133333333333333,0.5336904761904762,0.5021158472590361,E-CDE-VAE,100,0.0001,0.001,1,1,1,0.0005,600,0.4,Adam
0.45666666666666667,0.2928968253968254,0.24568358090997414,E-CDE-VAE,100,0.0001,0.001,1,1,1,0.0005,600,0.4,Adam
1.0,1.0,0.9826911334709321,E-CDE-VAE,100,0.0001,0.001,1,1,1,0.0005,600,0.4,Adam
0.0,0.0,0.0,E-CDE-VAE,100,0.0001,0.001,1,1,1,0.0005,600,0.4,Adam
0.0,0.0,0.0,E-CDE-VAE,100,0.0001,0.001,1,1,1,0.0005,600,0.4,Adam
0.13,0.19412698412698412,0.17184998910618104,E-CDE-VAE,100,0.0001,0.001,1,1,1,0.0005,600,0.4,Adam
0.0,0.0,0.0,E-CDE-VAE,100,0.0001,0.001,1,1,1,0.0005,600,0.4,Adam
0.15666666666666665,0.22440476190476186,0.24424891972492593,E-CDE-VAE,100,0.0001,0.001,1,1,1,0.0005,600,0.4,Adam
0.5033333333333333,0.541031746031746,0.5708348080368204,E-CDE-VAE,100,0.0001,0.001,1,1,1,0.0005,600,0.4,Adam
0.0,0.0,0.04203531547571795,E-CDE-VAE,100,0.0001,0.001,1,1,1,0.0005,600,0.4,Adam
0.19666666666666666,0.22746031746031745,0.18851665577284768,E-CDE-VAE,100,0.0001,0.001,1,1,1,0.0005,600,0.4,Adam
1.0,1.0,1.0,E-CDE-VAE,100,0.0001,0.001,1,1,1,0.0005,600,0.4,Adam
0.5466666666666666,0.4235714285714286,0.3121014247620285,E-CDE-VAE,100,0.0001,0.001,1,1,1,0.0005,600,0.4,Adam
0.7533333333333333,0.6996428571428572,0.6928344443224473,E-CDE-VAE,100,0.0001,0.001,1,1,1,0.0005,600,0.4,Adam
1.0,1.0,1.0,E-CDE-VAE,100,0.0001,0.001,1,1,1,0.0005,600,0.4,Adam
0.6133333333333333,0.5650793650793651,0.5934619418249449,E-CDE-VAE,100,0.0001,0.001,1,1,1,0.0005,600,0.4,Adam
0.8699999999999999,0.7847619047619048,0.7151740981326894,E-CDE-VAE,100,0.0001,0.001,1,1,1,0.0005,600,0.4,Adam
0.7533333333333333,0.7164285714285714,0.655579482222284,E-CDE-VAE,100,0.0001,0.001,1,1,1,0.0005,600,0.4,Adam
0.25666666666666665,0.20289682539682538,0.2625593285713254,E-CDE-VAE,100,0.0001,0.001,1,1,1,0.0005,600,0.4,Adam
0.0,0.0,0.0,E-CDE-VAE,100,0.0001,0.001,1,1,1,0.0005,600,0.4,Adam
1.0,0.8707142857142858,0.7223435514863533,E-CDE-VAE,100,0.0001,0.001,1,1,1,0.0005,600,0.4,Adam
0.15666666666666665,0.1907936507936508,0.16477396571436817,E-CDE-VAE,100,0.0001,0.001,1,1,1,0.0005,600,0.4,Adam
0.0,0.0,0.0,E-CDE-VAE,100,0.0001,0.001,1,1,1,0.0005,600,0.4,Adam
1.0,1.0,1.0,E-CDE-VAE,100,0.0001,0.001,1,1,1,0.0005,600,0.4,Adam
0.6533333333333333,0.5203571428571429,0.41411000012199706,E-CDE-VAE,100,0.0001,0.001,1,1,1,0.0005,600,0.4,Adam
0.04,0.09456349206349206,0.12750941954502326,E-CDE-VAE,100,0.0001,0.001,1,1,1,0.0005,600,0.4,Adam
0.13,0.19412698412698412,0.1873209274815312,E-CDE-VAE,100,0.0001,0.001,1,1,1,0.0005,600,0.4,Adam
0.09,0.10956349206349207,0.11294676513716762,E-CDE-VAE,100,0.0001,0.001,1,1,1,0.0005,600,0.4,Adam
0.0,0.0,0.0,E-CDE-VAE,100,0.0001,0.001,1,1,1,0.0005,600,0.4,Adam
0.04,0.08456349206349206,0.07572031619051742,E-CDE-VAE,100,0.0001,0.001,1,1,1,0.0005,600,0.4,Adam
0.7133333333333333,0.5773015873015873,0.540615775693175,E-CDE-VAE,100,0.0001,0.001,1,1,1,0.0005,600,0.4,Adam
0.5466666666666666,0.5317460317460316,0.5820744455922474,E-CDE-VAE,100,0.0001,0.001,1,1,1,0.0005,600,0.4,Adam
0.8433333333333334,0.8359920634920635,0.8038523795605839,E-CDE-VAE,100,0.0001,0.001,1,1,1,0.0005,600,0.4,Adam
0.9099999999999999,0.8425396825396826,0.8543927009522985,E-CDE-VAE,100,0.0001,0.001,1,1,1,0.0005,600,0.4,Adam
0.0,0.0,0.0,E-CDE-VAE,100,0.0001,0.001,1,1,1,0.0005,600,0.4,Adam
1.0,0.9354365079365079,0.8843655804549767,E-CDE-VAE,100,0.0001,0.001,1,1,1,0.0005,600,0.4,Adam
0.5466666666666666,0.40246031746031746,0.28114823472021616,E-CDE-VAE,100,0.0001,0.001,1,1,1,0.0005,600,0.4,Adam
0.0,0.01,0.038438570158771404,E-CDE-VAE,100,0.0001,0.001,1,1,1,0.0005,600,0.4,Adam
0.4133333333333333,0.3569047619047619,0.36567863466083284,E-CDE-VAE,100,0.0001,0.001,1,1,1,0.0005,600,0.4,Adam
0.7133333333333333,0.5884126984126984,0.567051626349227,E-CDE-VAE,100,0.0001,0.001,1,1,1,0.0005,600,0.4,Adam
0.45666666666666667,0.3910714285714285,0.3704509018673105,E-CDE-VAE,100,0.0001,0.001,1,1,1,0.0005,600,0.4,Adam
1.0,1.0,0.9891494668042654,E-CDE-VAE,100,0.0001,0.001,1,1,1,0.0005,600,0.4,Adam
0.4133333333333333,0.42146825396825405,0.3444884076192126,E-CDE-VAE,100,0.0001,0.001,1,1,1,0.0005,600,0.4,Adam
0.5466666666666666,0.4571825396825397,0.4056662910532879,E-CDE-VAE,100,0.0001,0.001,1,1,1,0.0005,600,0.4,Adam
0.5033333333333333,0.5143650793650794,0.505433200915012,E-CDE-VAE,100,0.0001,0.001,1,1,1,0.0005,600,0.4,Adam
0.0,0.0790079365079365,0.20967947966206477,E-CDE-VAE,100,0.0001,0.001,1,1,1,0.0005,600,0.4,Adam
0.5033333333333333,0.46646825396825403,0.5141205938883957,E-CDE-VAE,100,0.0001,0.001,1,1,1,0.0005,600,0.4,Adam
0.6533333333333333,0.6975396825396825,0.7391275159309215,E-CDE-VAE,100,0.0001,0.001,1,1,1,0.0005,600,0.4,Adam
0.8033333333333333,0.7246428571428571,0.677726753810345,E-CDE-VAE,100,0.0001,0.001,1,1,1,0.0005,600,0.4,Adam
0.2966666666666667,0.30857142857142855,0.3132582181750138,E-CDE-VAE,100,0.0001,0.001,1,1,1,0.0005,600,0.4,Adam
0.15666666666666665,0.2076190476190476,0.29402108168749036,E-CDE-VAE,100,0.0001,0.001,1,1,1,0.0005,600,0.4,Adam
0.6133333333333333,0.46940476190476177,0.42745017087315845,E-CDE-VAE,100,0.0001,0.001,1,1,1,0.0005,600,0.4,Adam
0.0,0.01,0.10316679214318532,E-CDE-VAE,100,0.0001,0.001,1,1,1,0.0005,600,0.4,Adam
0.0,0.0,0.0,E-CDE-VAE,100,0.0001,0.001,1,1,1,0.0005,600,0.4,Adam
0.4533333333333333,0.5975396825396825,0.7110124058518023,E-CDE-VAE,100,0.0001,0.001,1,1,1,0.0005,600,0.4,Adam
0.0,0.0,0.03974364880905128,E-CDE-VAE,100,0.0001,0.001,1,1,1,0.0005,600,0.4,Adam
0.0,0.0,0.0,E-CDE-VAE,100,0.0001,0.001,1,1,1,0.0005,600,0.4,Adam
0.0,0.0,0.0,E-CDE-VAE,100,0.0001,0.001,1,1,1,0.0005,600,0.4,Adam
0.45666666666666667,0.3574603174603174,0.27904586920647295,E-CDE-VAE,100,0.0001,0.001,1,1,1,0.0005,600,0.4,Adam
0.4533333333333333,0.46825396825396826,0.42903805817505514,E-CDE-VAE,100,0.0001,0.001,1,1,1,0.0005,600,0.4,Adam
1.0,1.0,0.941149239047846,E-CDE-VAE,100,0.0001,0.001,1,1,1,0.0005,600,0.4,Adam
0.0,0.0,0.0,E-CDE-VAE,100,0.0001,0.001,1,1,1,0.0005,600,0.4,Adam
0.25666666666666665,0.28440476190476194,0.281088240534835,E-CDE-VAE,100,0.0001,0.001,1,1,1,0.0005,600,0.4,Adam
1.0,1.0,1.0,E-CDE-VAE,100,0.0001,0.001,1,1,1,0.0005,600,0.4,Adam
0.0,0.05789682539682539,0.0958255530159555,E-CDE-VAE,100,0.0001,0.001,1,1,1,0.0005,600,0.4,Adam
0.13,0.19412698412698412,0.19796532694172014,E-CDE-VAE,100,0.0001,0.001,1,1,1,0.0005,600,0.4,Adam
0.09,0.19523809523809524,0.25117308108987674,E-CDE-VAE,100,0.0001,0.001,1,1,1,0.0005,600,0.4,Adam
0.45666666666666667,0.2928968253968254,0.21332555301595552,E-CDE-VAE,100,0.0001,0.001,1,1,1,0.0005,600,0.4,Adam
0.04,0.19702380952380955,0.27488762527462207,E-CDE-VAE,100,0.0001,0.001,1,1,1,0.0005,600,0.4,Adam
0.0,0.0,0.032635805671796386,E-CDE-VAE,100,0.0001,0.001,1,1,1,0.0005,600,0.4,Adam
0.0,0.0,0.06516939845500216,E-CDE-VAE,100,0.0001,0.001,1,1,1,0.0005,600,0.4,Adam
0.09,0.10956349206349207,0.11294676513716762,E-CDE-VAE,100,0.0001,0.001,1,1,1,0.0005,600,0.4,Adam
0.0,0.0,0.010850533195734433,E-CDE-VAE,100,0.0001,0.001,1,1,1,0.0005,600,0.4,Adam
0.3466666666666667,0.47964285714285715,0.571358911126713,E-CDE-VAE,100,0.0001,0.001,1,1,1,0.0005,600,0.4,Adam
0.0,0.03361111111111111,0.05024412571432696,E-CDE-VAE,100,0.0001,0.001,1,1,1,0.0005,600,0.4,Adam
0.0,0.0,0.0,E-CDE-VAE,100,0.0001,0.001,1,1,1,0.0005,600,0.4,Adam
0.0,0.05472222222222223,0.11154711795772168,E-CDE-VAE,100,0.0001,0.001,1,1,1,0.0005,600,0.4,Adam
0.0,0.0,0.0,E-CDE-VAE,100,0.0001,0.001,1,1,1,0.0005,600,0.4,Adam
0.8033333333333333,0.7514285714285714,0.688126443989447,E-CDE-VAE,100,0.0001,0.001,1,1,1,0.0005,600,0.4,Adam
0.4966666666666666,0.489920634920635,0.4854781355555349,E-CDE-VAE,100,0.0001,0.001,1,1,1,0.0005,600,0.4,Adam
0.6533333333333333,0.5639682539682539,0.4999153007724989,E-CDE-VAE,100,0.0001,0.001,1,1,1,0.0005,600,0.4,Adam
0.0,0.0,0.0,E-CDE-VAE,100,0.0001,0.001,1,1,1,0.0005,600,0.4,Adam
0.0,0.0,0.0,E-CDE-VAE,100,0.0001,0.001,1,1,1,0.0005,600,0.4,Adam
0.0,0.0,0.017308866529067764,E-CDE-VAE,100,0.0001,0.001,1,1,1,0.0005,600,0.4,Adam
1.0,0.9354365079365079,0.8338710158950097,E-CDE-VAE,100,0.0001,0.001,1,1,1,0.0005,600,0.4,Adam
0.45666666666666667,0.3265079365079365,0.23013110857151103,E-CDE-VAE,100,0.0001,0.001,1,1,1,0.0005,600,0.4,Adam
0.0,0.0,0.0,E-CDE-VAE,100,0.0001,0.001,1,1,1,0.0005,600,0.4,Adam
0.04,0.08456349206349206,0.07572031619051742,E-CDE-VAE,100,0.0001,0.001,1,1,1,0.0005,600,0.4,Adam
0.0,0.0,0.0,E-CDE-VAE,100,0.0001,0.001,1,1,1,0.0005,600,0.4,Adam
0.19666666666666666,0.22746031746031745,0.2174097713861646,E-CDE-VAE,100,0.0001,0.001,1,1,1,0.0005,600,0.4,Adam
0.0,0.09817460317460318,0.14298091077309344,E-CDE-VAE,100,0.0001,0.001,1,1,1,0.0005,600,0.4,Adam
0.0,0.08567460317460318,0.15712854525935022,E-CDE-VAE,100,0.0001,0.001,1,1,1,0.0005,600,0.4,Adam
0.0,0.0,0.0,E-CDE-VAE,100,0.0001,0.001,1,1,1,0.0005,600,0.4,Adam
0.0,0.0,0.0,E-CDE-VAE,100,0.0001,0.001,1,1,1,0.0005,600,0.4,Adam
0.8033333333333333,0.5953571428571428,0.40590363863003176,E-CDE-VAE,100,0.0001,0.001,1,1,1,0.0005,600,0.4,Adam
0.04,0.17607142857142857,0.22942157386816833,E-CDE-VAE,100,0.0001,0.001,1,1,1,0.0005,600,0.4,Adam
0.4533333333333333,0.5664285714285714,0.6222335561325498,E-CDE-VAE,100,0.0001,0.001,1,1,1,0.0005,600,0.4,Adam
0.15666666666666665,0.1428968253968254,0.14775563166623537,E-CDE-VAE,100,0.0001,0.001,1,1,1,0.0005,600,0.4,Adam
0.24666666666666667,0.30718253968253967,0.3385756477784342,E-CDE-VAE,100,0.0001,0.001,1,1,1,0.0005,600,0.4,Adam
0.0,0.0,0.0,E-CDE-VAE,100,0.0001,0.001,1,1,1,0.0005,600,0.4,Adam
0.25666666666666665,0.27440476190476193,0.2928415515083472,E-CDE-VAE,100,0.0001,0.001,1,1,1,0.0005,600,0.4,Adam
0.0,0.0,0.0,E-CDE-VAE,100,0.0001,0.001,1,1,1,0.0005,600,0.4,Adam
0.4533333333333333,0.48507936507936505,0.47206421910562774,E-CDE-VAE,100,0.0001,0.001,1,1,1,0.0005,600,0.4,Adam
0.0,0.0,0.0,E-CDE-VAE,100,0.0001,0.001,1,1,1,0.0005,600,0.4,Adam
0.0,0.0,0.0,E-CDE-VAE,100,0.0001,0.001,1,1,1,0.0005,600,0.4,Adam
0.6133333333333333,0.500515873015873,0.5215361644289663,E-CDE-VAE,100,0.0001,0.001,1,1,1,0.0005,600,0.4,Adam
0.0,0.0,0.0,E-CDE-VAE,100,0.0001,0.001,1,1,1,0.0005,600,0.4,Adam
0.09,0.10956349206349207,0.09072031619051743,E-CDE-VAE,100,0.0001,0.001,1,1,1,0.0005,600,0.4,Adam
0.5466666666666666,0.4571825396825397,0.44964605097345034,E-CDE-VAE,100,0.0001,0.001,1,1,1,0.0005,600,0.4,Adam
0.0,0.0,0.0,E-CDE-VAE,100,0.0001,0.001,1,1,1,0.0005,600,0.4,Adam
0.2866666666666666,0.3681349206349206,0.38983046021745704,E-CDE-VAE,100,0.0001,0.001,1,1,1,0.0005,600,0.4,Adam
0.0,0.0,0.0079093567251462,E-CDE-VAE,100,0.0001,0.001,1,1,1,0.0005,600,0.4,Adam
0.0,0.0,0.005131578947368421,E-CDE-VAE,100,0.0001,0.001,1,1,1,0.0005,600,0.4,Adam
1.0,1.0,0.9974999999999999,E-CDE-VAE,100,0.0001,0.001,1,1,1,0.0005,600,0.4,Adam
0.4966666666666666,0.3874603174603174,0.3228355210321155,E-CDE-VAE,100,0.0001,0.001,1,1,1,0.0005,600,0.4,Adam
0.04,0.11817460317460318,0.1566238416296466,E-CDE-VAE,100,0.0001,0.001,1,1,1,0.0005,600,0.4,Adam
0.8433333333333334,0.7110317460317459,0.67098358684659,E-CDE-VAE,100,0.0001,0.001,1,1,1,0.0005,600,0.4,Adam
0.15666666666666665,0.1428968253968254,0.11279633958233029,E-CDE-VAE,100,0.0001,0.001,1,1,1,0.0005,600,0.4,Adam
0.45666666666666667,0.3910714285714285,0.33968498585178153,E-CDE-VAE,100,0.0001,0.001,1,1,1,0.0005,600,0.4,Adam
0.45666666666666667,0.2928968253968254,0.2196306316662354,E-CDE-VAE,100,0.0001,0.001,1,1,1,0.0005,600,0.4,Adam
0.04,0.1491269841269841,0.15874949891010262,E-CDE-VAE,100,0.0001,0.001,1,1,1,0.0005,600,0.4,Adam
0.0,0.0,0.0,E-CDE-VAE,100,0.0001,0.001,1,1,1,0.0005,600,0.4,Adam
0.0,0.0,0.010850533195734433,E-CDE-VAE,100,0.0001,0.001,1,1,1,0.0005,600,0.4,Adam
0.15666666666666665,0.1976190476190476,0.2665884990052947,E-CDE-VAE,100,0.0001,0.001,1,1,1,0.0005,600,0.4,Adam
0.5466666666666666,0.46035714285714285,0.40128868035988774,E-CDE-VAE,100,0.0001,0.001,1,1,1,0.0005,600,0.4,Adam
0.5466666666666666,0.4571825396825397,0.44592276037515977,E-CDE-VAE,100,0.0001,0.001,1,1,1,0.0005,600,0.4,Adam
0.2966666666666667,0.32535714285714284,0.26299428190488566,E-CDE-VAE,100,0.0001,0.001,1,1,1,0.0005,600,0.4,Adam
0.7133333333333333,0.583968253968254,0.4941651919631795,E-CDE-VAE,100,0.0001,0.001,1,1,1,0.0005,600,0.4,Adam
0.0,0.0,0.0,E-CDE-VAE,100,0.0001,0.001,1,1,1,0.0005,600,0.4,Adam
0.0,0.0,0.005131578947368421,E-CDE-VAE,100,0.0001,0.001,1,1,1,0.0005,600,0.4,Adam
0.0,0.0,0.0,E-CDE-VAE,100,0.0001,0.001,1,1,1,0.0005,600,0.4,Adam
0.0,0.0,0.0,E-CDE-VAE,100,0.0001,0.001,1,1,1,0.0005,600,0.4,Adam
0.0,0.0,0.0,E-CDE-VAE,100,0.0001,0.001,1,1,1,0.0005,600,0.4,Adam
0.09,0.10956349206349207,0.1171134318038343,E-CDE-VAE,100,0.0001,0.001,1,1,1,0.0005,600,0.4,Adam
0.0,0.0,0.05865679341298535,E-CDE-VAE,100,0.0001,0.001,1,1,1,0.0005,600,0.4,Adam
0.8433333333333334,0.7925396825396825,0.7869052937086993,E-CDE-VAE,100,0.0001,0.001,1,1,1,0.0005,600,0.4,Adam
1.0,1.0,0.9835244668042653,E-CDE-VAE,100,0.0001,0.001,1,1,1,0.0005,600,0.4,Adam
0.04,0.16607142857142856,0.2821043413071277,E-CDE-VAE,100,0.0001,0.001,1,1,1,0.0005,600,0.4,Adam
0.7133333333333333,0.5294047619047618,0.5042746862270856,E-CDE-VAE,100,0.0001,0.001,1,1,1,0.0005,600,0.4,Adam
0.0,0.03361111111111111,0.1009824487088419,E-CDE-VAE,100,0.0001,0.001,1,1,1,0.0005,600,0.4,Adam
0.45666666666666667,0.3674603174603174,0.31983684787864347,E-CDE-VAE,100,0.0001,0.001,1,1,1,0.0005,600,0.4,Adam
0.45666666666666667,0.3028968253968254,0.2718416537882482,E-CDE-VAE,100,0.0001,0.001,1,1,1,0.0005,600,0.4,Adam
0.0,0.0,0.0,E-CDE-VAE,100,0.0001,0.001,1,1,1,0.0005,600,0.4,Adam
0.5433333333333333,0.6380952380952382,0.7022563753755704,E-CDE-VAE,100,0.0001,0.001,1,1,1,0.0005,600,0.4,Adam
0.0,0.0,0.06746326471945667,E-CDE-VAE,100,0.0001,0.001,1,1,1,0.0005,600,0.4,Adam
0.19666666666666666,0.39464285714285713,0.4538318651592645,E-CDE-VAE,100,0.0001,0.001,1,1,1,0.0005,600,0.4,Adam
0.0,0.03361111111111111,0.08881427482046678,E-CDE-VAE,100,0.0001,0.001,1,1,1,0.0005,600,0.4,Adam
0.8033333333333333,0.7514285714285714,0.7728985752379716,E-CDE-VAE,100,0.0001,0.001,1,1,1,0.0005,600,0.4,Adam
0.5466666666666666,0.481468253968254,0.5337976273812186,E-CDE-VAE,100,0.0001,0.001,1,1,1,0.0005,600,0.4,Adam
0.4533333333333333,0.528531746031746,0.5463346992275011,E-CDE-VAE,100,0.0001,0.001,1,1,1,0.0005,600,0.4,Adam
0.45666666666666667,0.3140079365079365,0.280338385814392,E-CDE-VAE,100,0.0001,0.001,1,1,1,0.0005,600,0.4,Adam
0.0,0.0,0.06901555230115602,E-CDE-VAE,100,0.0001,0.001,1,1,1,0.0005,600,0.4,Adam
0.45666666666666667,0.34079365079365076,0.24240554466173658,E-CDE-VAE,100,0.0001,0.001,1,1,1,0.0005,600,0.4,Adam
0.5033333333333333,0.5479761904761905,0.546247247979059,E-CDE-VAE,100,0.0001,0.001,1,1,1,0.0005,600,0.4,Adam
0.96,0.7382539682539683,0.5791884837298923,E-CDE-VAE,100,0.0001,0.001,1,1,1,0.0005,600,0.4,Adam
0.24666666666666667,0.30718253968253967,0.34859669398369086,E-CDE-VAE,100,0.0001,0.001,1,1,1,0.0005,600,0.4,Adam
0.0,0.06456349206349207,0.10165888634928884,E-CDE-VAE,100,0.0001,0.001,1,1,1,0.0005,600,0.4,Adam
0.0,0.0,0.0079093567251462,E-CDE-VAE,100,0.0001,0.001,1,1,1,0.0005,600,0.4,Adam
0.09,0.10956349206349207,0.08822031619051743,E-CDE-VAE,100,0.0001,0.001,1,1,1,0.0005,600,0.4,Adam
1.0,1.0,1.0,E-CDE-VAE,100,0.0001,0.001,1,1,1,0.0005,600,0.4,Adam
0.5433333333333333,0.5635317460317459,0.5096237429151517,E-CDE-VAE,100,0.0001,0.001,1,1,1,0.0005,600,0.4,Adam
0.8699999999999999,0.7479761904761905,0.6998668125390262,E-CDE-VAE,100,0.0001,0.001,1,1,1,0.0005,600,0.4,Adam
0.0,0.0,0.0,E-CDE-VAE,100,0.0001,0.001,1,1,1,0.0005,600,0.4,Adam
0.9099999999999999,0.8693253968253968,0.7468061926034062,E-CDE-VAE,100,0.0001,0.001,1,1,1,0.0005,600,0.4,Adam
0.0,0.0,0.0,E-CDE-VAE,100,0.0001,0.001,1,1,1,0.0005,600,0.4,Adam
1.0,1.0,1.0,E-CDE-VAE,100,0.0001,0.001,1,1,1,0.0005,600,0.4,Adam
0.7133333333333333,0.6193650793650793,0.56368246992086,E-CDE-VAE,100,0.0001,0.001,1,1,1,0.0005,600,0.4,Adam
0.25666666666666665,0.32646825396825396,0.33042697777798397,E-CDE-VAE,100,0.0001,0.001,1,1,1,0.0005,600,0.4,Adam
0.0,0.0,0.0,E-CDE-VAE,100,0.0001,0.001,1,1,1,0.0005,600,0.4,Adam
0.24666666666666667,0.25246031746031744,0.2104161655767693,E-CDE-VAE,100,0.0001,0.001,1,1,1,0.0005,600,0.4,Adam
0.7133333333333333,0.6193650793650793,0.5415983603599702,E-CDE-VAE,100,0.0001,0.001,1,1,1,0.0005,600,0.4,Adam
0.2866666666666666,0.48059523809523813,0.5224743542061654,E-CDE-VAE,100,0.0001,0.001,1,1,1,0.0005,600,0.4,Adam
0.96,0.8607142857142858,0.8191908991850942,E-CDE-VAE,100,0.0001,0.001,1,1,1,0.0005,600,0.4,Adam
0.04,0.08456349206349206,0.13746323400541666,E-CDE-VAE,100,0.0001,0.001,1,1,1,0.0005,600,0.4,Adam
0.7533333333333333,0.666031746031746,0.6294017914490051,E-CDE-VAE,100,0.0001,0.001,1,1,1,0.0005,600,0.4,Adam
0.2966666666666667,0.33218253968253963,0.3376129350955202,E-CDE-VAE,100,0.0001,0.001,1,1,1,0.0005,600,0.4,Adam
0.0,0.06456349206349207,0.06572031619051742,E-CDE-VAE,100,0.0001,0.001,1,1,1,0.0005,600,0.4,Adam
0.45666666666666667,0.36190476190476184,0.2812680914286952,E-CDE-VAE,100,0.0001,0.001,1,1,1,0.0005,600,0.4,Adam
0.0,0.03361111111111111,0.05024412571432696,E-CDE-VAE,100,0.0001,0.001,1,1,1,0.0005,600,0.4,Adam
0.0,0.0,0.028893115613316856,E-CDE-VAE,100,0.0001,0.001,1,1,1,0.0005,600,0.4,Adam
0.25666666666666665,0.1928968253968254,0.18579656733875,E-CDE-VAE,100,0.0001,0.001,1,1,1,0.0005,600,0.4,Adam
0.7533333333333333,0.6182539682539684,0.5662519143653044,E-CDE-VAE,100,0.0001,0.001,1,1,1,0.0005,600,0.4,Adam
0.6533333333333333,0.6118650793650794,0.6162686745658882,E-CDE-VAE,100,0.0001,0.001,1,1,1,0.0005,600,0.4,Adam
0.0,0.0,0.017308866529067764,E-CDE-VAE,100,0.0001,0.001,1,1,1,0.0005,600,0.4,Adam
0.8033333333333333,0.628968253968254,0.47296485656586285,E-CDE-VAE,100,0.0001,0.001,1,1,1,0.0005,600,0.4,Adam
0.0,0.043611111111111114,0.08868269587309836,E-CDE-VAE,100,0.0001,0.001,1,1,1,0.0005,600,0.4,Adam
0.5433333333333333,0.6634920634920635,0.685609580692785,E-CDE-VAE,100,0.0001,0.001,1,1,1,0.0005,600,0.4,Adam
0.0,0.021111111111111112,0.04399412571432696,E-CDE-VAE,100,0.0001,0.001,1,1,1,0.0005,600,0.4,Adam
0.7133333333333333,0.5436904761904762,0.5333468150786261,E-CDE-VAE,100,0.0001,0.001,1,1,1,0.0005,600,0.4,Adam
0.45666666666666667,0.3574603174603174,0.27904586920647295,E-CDE-VAE,100,0.0001,0.001,1,1,1,0.0005,600,0.4,Adam
0.0,0.0,0.019107112143102855,E-CDE-VAE,100,0.0001,0.001,1,1,1,0.0005,600,0.4,Adam
0.19666666666666666,0.2610714285714285,0.34229444940164755,E-CDE-VAE,100,0.0001,0.001,1,1,1,0.0005,600,0.4,Adam
0.3866666666666666,0.5063095238095238,0.5665146325982239,E-CDE-VAE,100,0.0001,0.001,1,1,1,0.0005,600,0.4,Adam
1.0,0.9452777777777779,0.8276882454920379,E-CDE-VAE,100,0.0001,0.001,1,1,1,0.0005,600,0.4,Adam
0.3466666666666667,0.4106349206349207,0.39439520103219794,E-CDE-VAE,100,0.0001,0.001,1,1,1,0.0005,600,0.4,Adam
0.5866666666666667,0.5306349206349206,0.513352478275079,E-CDE-VAE,100,0.0001,0.001,1,1,1,0.0005,600,0.4,Adam
0.15666666666666665,0.1428968253968254,0.19590180416418806,E-CDE-VAE,100,0.0001,0.001,1,1,1,0.0005,600,0.4,Adam
0.45666666666666667,0.35079365079365077,0.3789951485133374,E-CDE-VAE,100,0.0001,0.001,1,1,1,0.0005,600,0.4,Adam
0.45666666666666667,0.3265079365079365,0.23013110857151103,E-CDE-VAE,100,0.0001,0.001,1,1,1,0.0005,600,0.4,Adam
0.7533333333333333,0.625079365079365,0.5559986771054881,E-CDE-VAE,100,0.0001,0.001,1,1,1,0.0005,600,0.4,Adam
0.7033333333333334,0.6746428571428572,0.6520965017095047,E-CDE-VAE,100,0.0001,0.001,1,1,1,0.0005,600,0.4,Adam
0.5466666666666666,0.40246031746031746,0.2889875941481979,E-CDE-VAE,100,0.0001,0.001,1,1,1,0.0005,600,0.4,Adam
0.45666666666666667,0.3885714285714285,0.4047993056565039,E-CDE-VAE,100,0.0001,0.001,1,1,1,0.0005,600,0.4,Adam
0.25666666666666665,0.29107142857142854,0.33947276235975926,E-CDE-VAE,100,0.0001,0.001,1,1,1,0.0005,600,0.4,Adam
1.0,1.0,1.0,E-CDE-VAE,100,0.0001,0.001,1,1,1,0.0005,600,0.4,Adam
0.0,0.0,0.0,E-CDE-VAE,100,0.0001,0.001,1,1,1,0.0005,600,0.4,Adam
0.0,0.0,0.0,E-CDE-VAE,100,0.0001,0.001,1,1,1,0.0005,600,0.4,Adam
1.0,1.0,1.0,E-CDE-VAE,100,0.0001,0.001,1,1,1,0.0005,600,0.4,Adam
0.04,0.11817460317460318,0.21312219406840152,E-CDE-VAE,100,0.0001,0.001,1,1,1,0.0005,600,0.4,Adam
0.0,0.0,0.0079093567251462,E-CDE-VAE,100,0.0001,0.001,1,1,1,0.0005,600,0.4,Adam
0.0,0.0,0.0,E-CDE-VAE,100,0.0001,0.001,1,1,1,0.0005,600,0.4,Adam
0.0,0.0,0.0334385701587714,E-CDE-VAE,100,0.0001,0.001,1,1,1,0.0005,600,0.4,Adam
0.8433333333333334,0.8259920634920634,0.7243367614497646,E-CDE-VAE,100,0.0001,0.001,1,1,1,0.0005,600,0.4,Adam
0.0,0.0,0.0,E-CDE-VAE,100,0.0001,0.001,1,1,1,0.0005,600,0.4,Adam
0.8433333333333334,0.7780952380952381,0.7215089386877312,E-CDE-VAE,100,0.0001,0.001,1,1,1,0.0005,600,0.4,Adam
1.0,1.0,1.0,E-CDE-VAE,100,0.0001,0.001,1,1,1,0.0005,600,0.4,Adam
0.15666666666666665,0.298968253968254,0.4081329755555762,E-CDE-VAE,100,0.0001,0.001,1,1,1,0.0005,600,0.4,Adam
1.0,0.9018253968253969,0.8649284459520528,E-CDE-VAE,100,0.0001,0.001,1,1,1,0.0005,600,0.4,Adam
0.8433333333333334,0.7925396825396825,0.7959541307935271,E-CDE-VAE,100,0.0001,0.001,1,1,1,0.0005,600,0.4,Adam
0.19666666666666666,0.24857142857142853,0.24308353690513132,E-CDE-VAE,100,0.0001,0.001,1,1,1,0.0005,600,0.4,Adam
0.0,0.01,0.08276390555608822,E-CDE-VAE,100,0.0001,0.001,1,1,1,0.0005,600,0.4,Adam
0.4533333333333333,0.5975396825396825,0.6859063620847676,E-CDE-VAE,100,0.0001,0.001,1,1,1,0.0005,600,0.4,Adam
0.96,0.8297619047619047,0.7839058421798358,E-CDE-VAE,100,0.0001,0.001,1,1,1,0.0005,600,0.4,Adam
0.7033333333333334,0.7225396825396825,0.7110094585926628,E-CDE-VAE,100,0.0001,0.001,1,1,1,0.0005,600,0.4,Adam
0.15666666666666665,0.25535714285714284,0.22799428190488563,E-CDE-VAE,100,0.0001,0.001,1,1,1,0.0005,600,0.4,Adam
0.3866666666666666,0.5642063492063492,0.6617099335133391,E-CDE-VAE,100,0.0001,0.001,1,1,1,0.0005,600,0.4,Adam
1.0,1.0,1.0,E-CDE-VAE,100,0.0001,0.001,1,1,1,0.0005,600,0.4,Adam
0.2866666666666666,0.3470238095238095,0.40698426831166773,E-CDE-VAE,100,0.0001,0.001,1,1,1,0.0005,600,0.4,Adam
0.0,0.0,0.0,E-CDE-VAE,100,0.0001,0.001,1,1,1,0.0005,600,0.4,Adam
0.2966666666666667,0.3900793650793651,0.4620913088889096,E-CDE-VAE,100,0.0001,0.001,1,1,1,0.0005,600,0.4,Adam
0.0,0.047896825396825396,0.05738698285718409,E-CDE-VAE,100,0.0001,0.001,1,1,1,0.0005,600,0.4,Adam
0.24666666666666667,0.3817460317460318,0.5358588453170496,E-CDE-VAE,100,0.0001,0.001,1,1,1,0.0005,600,0.4,Adam
0.3466666666666667,0.3603571428571429,0.3279083852593915,E-CDE-VAE,100,0.0001,0.001,1,1,1,0.0005,600,0.4,Adam
0.5866666666666667,0.568531746031746,0.5074695724811824,E-CDE-VAE,100,0.0001,0.001,1,1,1,0.0005,600,0.4,Adam
0.4533333333333333,0.42035714285714293,0.40317576987855624,E-CDE-VAE,100,0.0001,0.001,1,1,1,0.0005,600,0.4,Adam
0.0,0.0,0.005131578947368421,E-CDE-VAE,100,0.0001,0.001,1,1,1,0.0005,600,0.4,Adam
1.0,0.8973809523809523,0.7861465437297479,E-CDE-VAE,100,0.0001,0.001,1,1,1,0.0005,600,0.4,Adam
0.15666666666666665,0.17650793650793647,0.18905233934452198,E-CDE-VAE,100,0.0001,0.001,1,1,1,0.0005,600,0.4,Adam
0.0,0.0,0.0,E-CDE-VAE,100,0.0001,0.001,1,1,1,0.0005,600,0.4,Adam
0.45666666666666667,0.3028968253968254,0.24433742706382028,E-CDE-VAE,100,0.0001,0.001,1,1,1,0.0005,600,0.4,Adam
0.0,0.0,0.0,E-CDE-VAE,100,0.0001,0.001,1,1,1,0.0005,600,0.4,Adam
0.0,0.0,0.029858027894018608,E-CDE-VAE,100,0.0001,0.001,1,1,1,0.0005,600,0.4,Adam
0.0,0.14607142857142857,0.2694583965655947,E-CDE-VAE,100,0.0001,0.001,1,1,1,0.0005,600,0.4,Adam
1.0,1.0,1.0,E-CDE-VAE,100,0.0001,0.001,1,1,1,0.0005,600,0.4,Adam
0.0,0.0,0.017308866529067764,E-CDE-VAE,100,0.0001,0.001,1,1,1,0.0005,600,0.4,Adam
0.45666666666666667,0.2928968253968254,0.22636648868847012,E-CDE-VAE,100,0.0001,0.001,1,1,1,0.0005,600,0.4,Adam
0.24666666666666667,0.25246031746031744,0.1931072990477015,E-CDE-VAE,100,0.0001,0.001,1,1,1,0.0005,600,0.4,Adam
1.0,1.0,0.9012523355557411,E-CDE-VAE,100,0.0001,0.001,1,1,1,0.0005,600,0.4,Adam
1.0,1.0,1.0,E-CDE-VAE,100,0.0001,0.001,1,1,1,0.0005,600,0.4,Adam
0.04,0.13246031746031744,0.18672686360766858,E-CDE-VAE,100,0.0001,0.001,1,1,1,0.0005,600,0.4,Adam
0.25666666666666665,0.3221825396825396,0.37257322398963266,E-CDE-VAE,100,0.0001,0.001,1,1,1,0.0005,600,0.4,Adam
0.0,0.0,0.028893115613316856,E-CDE-VAE,100,0.0001,0.001,1,1,1,0.0005,600,0.4,Adam
0.5866666666666667,0.5726984126984126,0.5030945724811824,E-CDE-VAE,100,0.0001,0.001,1,1,1,0.0005,600,0.4,Adam
0.0,0.0,0.010850533195734433,E-CDE-VAE,100,0.0001,0.001,1,1,1,0.0005,600,0.4,Adam
0.8699999999999999,0.7847619047619048,0.7413269189101231,E-CDE-VAE,100,0.0001,0.001,1,1,1,0.0005,600,0.4,Adam
1.0,0.8564285714285715,0.7779844718834655,E-CDE-VAE,100,0.0001,0.001,1,1,1,0.0005,600,0.4,Adam
0.7433333333333334,0.6878174603174603,0.602222918550318,E-CDE-VAE,100,0.0001,0.001,1,1,1,0.0005,600,0.4,Adam
0.0,0.0,0.0,E-CDE-VAE,100,0.0001,0.001,1,1,1,0.0005,600,0.4,Adam
0.24666666666666667,0.396031746031746,0.5451544802376844,E-CDE-VAE,100,0.0001,0.001,1,1,1,0.0005,600,0.4,Adam
0.0,0.0,0.0,E-CDE-VAE,100,0.0001,0.001,1,1,1,0.0005,600,0.4,Adam
0.8033333333333333,0.6643650793650794,0.6298538832168863,E-CDE-VAE,100,0.0001,0.001,1,1,1,0.0005,600,0.4,Adam
0.0,0.0,0.0,E-CDE-VAE,100,0.0001,0.001,1,1,1,0.0005,600,0.4,Adam
1.0,0.9521031746031747,0.9057506098992167,E-CDE-VAE,100,0.0001,0.001,1,1,1,0.0005,600,0.4,Adam
0.0,0.0,0.0,E-CDE-VAE,100,0.0001,0.001,1,1,1,0.0005,600,0.4,Adam
0.8433333333333334,0.7825396825396826,0.6727150601376608,E-CDE-VAE,100,0.0001,0.001,1,1,1,0.0005,600,0.4,Adam
0.09,0.11956349206349207,0.17739720934380376,E-CDE-VAE,100,0.0001,0.001,1,1,1,0.0005,600,0.4,Adam
0.15666666666666665,0.1640079365079365,0.1736075575181612,E-CDE-VAE,100,0.0001,0.001,1,1,1,0.0005,600,0.4,Adam
1.0,0.966388888888889,0.8927033589475541,E-CDE-VAE,100,0.0001,0.001,1,1,1,0.0005,600,0.4,Adam
0.5433333333333333,0.6423809523809523,0.5923690866666873,E-CDE-VAE,100,0.0001,0.001,1,1,1,0.0005,600,0.4,Adam
0.0,0.0,0.0,E-CDE-VAE,100,0.0001,0.001,1,1,1,0.0005,600,0.4,Adam
0.96,0.7961507936507937,0.6250982866462743,E-CDE-VAE,100,0.0001,0.001,1,1,1,0.0005,600,0.4,Adam
0.96,0.7718650793650793,0.6153536124608106,E-CDE-VAE,100,0.0001,0.001,1,1,1,0.0005,600,0.4,Adam
0.7433333333333334,0.7859920634920634,0.7905419092861045,E-CDE-VAE,100,0.0001,0.001,1,1,1,0.0005,600,0.4,Adam
0.0,0.0,0.0,E-CDE-VAE,100,0.0001,0.001,1,1,1,0.0005,600,0.4,Adam
0.0,0.047896825396825396,0.0955761444867482,E-CDE-VAE,100,0.0001,0.001,1,1,1,0.0005,600,0.4,Adam
1.0,1.0,0.9366037845023915,E-CDE-VAE,100,0.0001,0.001,1,1,1,0.0005,600,0.4,Adam
0.45666666666666667,0.3140079365079365,0.2606835809099741,E-CDE-VAE,100,0.0001,0.001,1,1,1,0.0005,600,0.4,Adam
0.2866666666666666,0.406031746031746,0.5009671939257853,E-CDE-VAE,100,0.0001,0.001,1,1,1,0.0005,600,0.4,Adam
0.04,0.13246031746031744,0.1665458692064729,E-CDE-VAE,100,0.0001,0.001,1,1,1,0.0005,600,0.4,Adam
0.9099999999999999,0.7822619047619048,0.6538430038313939,E-CDE-VAE,100,0.0001,0.001,1,1,1,0.0005,600,0.4,Adam
0.0,0.03361111111111111,0.07112442081482329,E-CDE-VAE,100,0.0001,0.001,1,1,1,0.0005,600,0.4,Adam
0.5466666666666666,0.48396825396825405,0.40702280734401475,E-CDE-VAE,100,0.0001,0.001,1,1,1,0.0005,600,0.4,Adam
0.0,0.0,0.005131578947368421,E-CDE-VAE,100,0.0001,0.001,1,1,1,0.0005,600,0.4,Adam
0.15666666666666665,0.1428968253968254,0.10488698285718409,E-CDE-VAE,100,0.0001,0.001,1,1,1,0.0005,600,0.4,Adam
0.0,0.01,0.0409385701587714,E-CDE-VAE,100,0.0001,0.001,1,1,1,0.0005,600,0.4,Adam
0.7133333333333333,0.5436904761904762,0.49421395748214636,E-CDE-VAE,100,0.0001,0.001,1,1,1,0.0005,600,0.4,Adam
0.0,0.0,0.024726448946650187,E-CDE-VAE,100,0.0001,0.001,1,1,1,0.0005,600,0.4,Adam
0.4533333333333333,0.5328174603174602,0.5376179094812995,E-CDE-VAE,100,0.0001,0.001,1,1,1,0.0005,600,0.4,Adam
0.25666666666666665,0.1928968253968254,0.1835027010742955,E-CDE-VAE,100,0.0001,0.001,1,1,1,0.0005,600,0.4,Adam
0.4966666666666666,0.47563492063492063,0.5232105061690975,E-CDE-VAE,100,0.0001,0.001,1,1,1,0.0005,600,0.4,Adam
0.0,0.0,0.0334385701587714,E-CDE-VAE,100,0.0001,0.001,1,1,1,0.0005,600,0.4,Adam
0.0,0.0,0.0,E-CDE-VAE,100,0.0001,0.001,1,1,1,0.0005,600,0.4,Adam
0.0,0.0,0.024726448946650187,E-CDE-VAE,100,0.0001,0.001,1,1,1,0.0005,600,0.4,Adam
0.3866666666666666,0.49964285714285717,0.6321968515660467,E-CDE-VAE,100,0.0001,0.001,1,1,1,0.0005,600,0.4,Adam
0.24666666666666667,0.3003571428571429,0.3145232031899988,E-CDE-VAE,100,0.0001,0.001,1,1,1,0.0005,600,0.4,Adam
1.0,0.8918253968253967,0.8455969879363844,E-CDE-VAE,100,0.0001,0.001,1,1,1,0.0005,600,0.4,Adam
1.0,1.0,1.0,E-CDE-VAE,100,0.0001,0.001,1,1,1,0.0005,600,0.4,Adam
1.0,1.0,0.9948684210526315,E-CDE-VAE,100,0.0001,0.001,1,1,1,0.0005,600,0.4,Adam
0.3466666666666667,0.4106349206349207,0.46550139660820766,E-CDE-VAE,100,0.0001,0.001,1,1,1,0.0005,600,0.4,Adam
0.15666666666666665,0.20746031746031748,0.2864550855920825,E-CDE-VAE,100,0.0001,0.001,1,1,1,0.0005,600,0.4,Adam
1.0,0.8539285714285715,0.7473586956559093,E-CDE-VAE,100,0.0001,0.001,1,1,1,0.0005,600,0.4,Adam
0.45666666666666667,0.3574603174603174,0.29180928119008614,E-CDE-VAE,100,0.0001,0.001,1,1,1,0.0005,600,0.4,Adam
1.0,1.0,1.0,E-CDE-VAE,100,0.0001,0.001,1,1,1,0.0005,600,0.4,Adam
0.4133333333333333,0.38369047619047614,0.41990824491985473,E-CDE-VAE,100,0.0001,0.001,1,1,1,0.0005,600,0.4,Adam
0.8699999999999999,0.6834126984126984,0.6529063862693893,E-CDE-VAE,100,0.0001,0.001,1,1,1,0.0005,600,0.4,Adam
0.0,0.0,0.0,E-CDE-VAE,100,0.0001,0.001,1,1,1,0.0005,600,0.4,Adam
0.0,0.021111111111111112,0.04399412571432696,E-CDE-VAE,100,0.0001,0.001,1,1,1,0.0005,600,0.4,Adam
0.0,0.06456349206349207,0.09700471591531963,E-CDE-VAE,100,0.0001,0.001,1,1,1,0.0005,600,0.4,Adam
0.5466666666666666,0.4670238095238094,0.40412859264058953,E-CDE-VAE,100,0.0001,0.001,1,1,1,0.0005,600,0.4,Adam
0.0,0.06456349206349207,0.06572031619051742,E-CDE-VAE,100,0.0001,0.001,1,1,1,0.0005,600,0.4,Adam
0.9099999999999999,0.8804365079365081,0.804325561349555,E-CDE-VAE,100,0.0001,0.001,1,1,1,0.0005,600,0.4,Adam
0.3466666666666667,0.31246031746031744,0.2812723181531231,E-CDE-VAE,100,0.0001,0.001,1,1,1,0.0005,600,0.4,Adam
1.0,1.0,1.0,E-CDE-VAE,100,0.0001,0.001,1,1,1,0.0005,600,0.4,Adam
1.0,1.0,1.0,E-CDE-VAE,100,0.0001,0.001,1,1,1,0.0005,600,0.4,Adam
0.0,0.0,0.0,E-CDE-VAE,100,0.0001,0.001,1,1,1,0.0005,600,0.4,Adam
0.13,0.22773809523809524,0.2595534069044131,E-CDE-VAE,100,0.0001,0.001,1,1,1,0.0005,600,0.4,Adam
0.0,0.021111111111111112,0.07743269587309835,E-CDE-VAE,100,0.0001,0.001,1,1,1,0.0005,600,0.4,Adam
0.13,0.19412698412698412,0.19567146067726565,E-CDE-VAE,100,0.0001,0.001,1,1,1,0.0005,600,0.4,Adam
1.0,1.0,1.0,E-CDE-VAE,100,0.0001,0.001,1,1,1,0.0005,600,0.4,Adam
1.0,0.966388888888889,0.9110538921432884,E-CDE-VAE,100,0.0001,0.001,1,1,1,0.0005,600,0.4,Adam
0.0,0.0,0.017308866529067764,E-CDE-VAE,100,0.0001,0.001,1,1,1,0.0005,600,0.4,Adam
0.19666666666666666,0.2920238095238096,0.29994717979818597,E-CDE-VAE,100,0.0001,0.001,1,1,1,0.0005,600,0.4,Adam
0.0,0.0,0.0,E-CDE-VAE,100,0.0001,0.001,1,1,1,0.0005,600,0.4,Adam
0.5033333333333333,0.44535714285714284,0.3503203482963545,E-CDE-VAE,100,0.0001,0.001,1,1,1,0.0005,600,0.4,Adam
0.8033333333333333,0.7146428571428571,0.6012735901009895,E-CDE-VAE,100,0.0001,0.001,1,1,1,0.0005,600,0.4,Adam
0.96,0.8239285714285716,0.7379426204600352,E-CDE-VAE,100,0.0001,0.001,1,1,1,0.0005,600,0.4,Adam
0.4966666666666666,0.4253571428571429,0.34071250515909957,E-CDE-VAE,100,0.0001,0.001,1,1,1,0.0005,600,0.4,Adam
0.3866666666666666,0.4951984126984126,0.5144046205772212,E-CDE-VAE,100,0.0001,0.001,1,1,1,0.0005,600,0.4,Adam
1.0,1.0,1.0,E-CDE-VAE,100,0.0001,0.001,1,1,1,0.0005,600,0.4,Adam
0.8699999999999999,0.7268650793650793,0.6052642960324849,E-CDE-VAE,100,0.0001,0.001,1,1,1,0.0005,600,0.4,Adam
0.09,0.14317460317460318,0.196629461010266,E-CDE-VAE,100,0.0001,0.001,1,1,1,0.0005,600,0.4,Adam
0.2866666666666666,0.4496428571428571,0.5723072580154622,E-CDE-VAE,100,0.0001,0.001,1,1,1,0.0005,600,0.4,Adam
0.9099999999999999,0.825873015873016,0.7524380300212343,E-CDE-VAE,100,0.0001,0.001,1,1,1,0.0005,600,0.4,Adam
0.6533333333333333,0.5203571428571429,0.4374191909311878,E-CDE-VAE,100,0.0001,0.001,1,1,1,0.0005,600,0.4,Adam
0.0,0.11246031746031745,0.12310729904770153,E-CDE-VAE,100,0.0001,0.001,1,1,1,0.0005,600,0.4,Adam
0.5466666666666666,0.4571825396825397,0.4615396434920428,E-CDE-VAE,100,0.0001,0.001,1,1,1,0.0005,600,0.4,Adam
0.24666666666666667,0.30718253968253967,0.3803275222799217,E-CDE-VAE,100,0.0001,0.001,1,1,1,0.0005,600,0.4,Adam
1.0,0.8918253968253967,0.8131393425975467,E-CDE-VAE,100,0.0001,0.001,1,1,1,0.0005,600,0.4,Adam
0.0,0.0,0.0,E-CDE-VAE,100,0.0001,0.001,1,1,1,0.0005,600,0.4,Adam
0.0,0.05472222222222223,0.10214760815380011,E-CDE-VAE,100,0.0001,0.001,1,1,1,0.0005,600,0.4,Adam
0.7033333333333334,0.7225396825396825,0.7110094585926628,E-CDE-VAE,100,0.0001,0.001,1,1,1,0.0005,600,0.4,Adam
1.0,1.0,0.9775595545235637,E-CDE-VAE,100,0.0001,0.001,1,1,1,0.0005,600,0.4,Adam
0.0,0.0,0.017308866529067764,E-CDE-VAE,100,0.0001,0.001,1,1,1,0.0005,600,0.4,Adam
0.45666666666666667,0.470079365079365,0.5316837252015271,E-CDE-VAE,100,0.0001,0.001,1,1,1,0.0005,600,0.4,Adam
0.3866666666666666,0.456031746031746,0.5164976868246993,E-CDE-VAE,100,0.0001,0.001,1,1,1,0.0005,600,0.4,Adam
0.4533333333333333,0.5396428571428571,0.5378126504558394,E-CDE-VAE,100,0.0001,0.001,1,1,1,0.0005,600,0.4,Adam
0.96,0.8297619047619047,0.7577463766453703,E-CDE-VAE,100,0.0001,0.001,1,1,1,0.0005,600,0.4,Adam
0.7133333333333333,0.5548015873015874,0.45114248152947833,E-CDE-VAE,100,0.0001,0.001,1,1,1,0.0005,600,0.4,Adam
0.3466666666666667,0.30246031746031743,0.29153573013673634,E-CDE-VAE,100,0.0001,0.001,1,1,1,0.0005,600,0.4,Adam
0.9099999999999999,0.7878174603174604,0.6657461058892948,E-CDE-VAE,100,0.0001,0.001,1,1,1,0.0005,600,0.4,Adam
0.25666666666666665,0.2265079365079365,0.2017382207146139,E-CDE-VAE,100,0.0001,0.001,1,1,1,0.0005,600,0.4,Adam
0.96,0.8507142857142858,0.7731207500789543,E-CDE-VAE,100,0.0001,0.001,1,1,1,0.0005,600,0.4,Adam
0.0,0.0,0.005131578947368421,E-CDE-VAE,100,0.0001,0.001,1,1,1,0.0005,600,0.4,Adam
0.5433333333333333,0.5635317460317459,0.49373048777847534,E-CDE-VAE,100,0.0001,0.001,1,1,1,0.0005,600,0.4,Adam
1.0,0.925436507936508,0.8849905804549767,E-CDE-VAE,100,0.0001,0.001,1,1,1,0.0005,600,0.4,Adam
0.0,0.0,0.0,E-CDE-VAE,100,0.0001,0.001,1,1,1,0.0005,600,0.4,Adam
0.6133333333333333,0.5273015873015873,0.44419417764038505,E-CDE-VAE,100,0.0001,0.001,1,1,1,0.0005,600,0.4,Adam
0.0,0.0,0.0,E-CDE-VAE,100,0.001,0.001,1,1,1,0.0005,600,0.4,Adam
0.0,0.0,0.0,E-CDE-VAE,100,0.001,0.001,1,1,1,0.0005,600,0.4,Adam
0.0,0.0,0.0,E-CDE-VAE,100,0.001,0.001,1,1,1,0.0005,600,0.4,Adam
0.0,0.0,0.0,E-CDE-VAE,100,0.001,0.001,1,1,1,0.0005,600,0.4,Adam
0.0,0.0,0.0,E-CDE-VAE,100,0.001,0.001,1,1,1,0.0005,600,0.4,Adam
0.09,0.15746031746031747,0.15958283224343595,E-CDE-VAE,100,0.001,0.001,1,1,1,0.0005,600,0.4,Adam
0.4966666666666666,0.4856349206349206,0.5105311585129695,E-CDE-VAE,100,0.001,0.001,1,1,1,0.0005,600,0.4,Adam
0.0,0.0,0.0,E-CDE-VAE,100,0.001,0.001,1,1,1,0.0005,600,0.4,Adam
0.0,0.0,0.017308866529067764,E-CDE-VAE,100,0.001,0.001,1,1,1,0.0005,600,0.4,Adam
0.0,0.0,0.017308866529067764,E-CDE-VAE,100,0.001,0.001,1,1,1,0.0005,600,0.4,Adam
0.0,0.0,0.0,E-CDE-VAE,100,0.001,0.001,1,1,1,0.0005,600,0.4,Adam
0.0,0.0,0.0,E-CDE-VAE,100,0.001,0.001,1,1,1,0.0005,600,0.4,Adam
0.0,0.0,0.0,E-CDE-VAE,100,0.001,0.001,1,1,1,0.0005,600,0.4,Adam
0.0,0.0,0.0,E-CDE-VAE,100,0.001,0.001,1,1,1,0.0005,600,0.4,Adam
0.0,0.0,0.017308866529067764,E-CDE-VAE,100,0.001,0.001,1,1,1,0.0005,600,0.4,Adam
0.4966666666666666,0.4856349206349206,0.5105311585129695,E-CDE-VAE,100,0.001,0.001,1,1,1,0.0005,600,0.4,Adam
0.0,0.0,0.013975533195734432,E-CDE-VAE,100,0.001,0.001,1,1,1,0.0005,600,0.4,Adam
0.0,0.0,0.0,E-CDE-VAE,100,0.001,0.001,1,1,1,0.0005,600,0.4,Adam
0.0,0.0,0.0,E-CDE-VAE,100,0.001,0.001,1,1,1,0.0005,600,0.4,Adam
0.0,0.0,0.0,E-CDE-VAE,100,0.001,0.001,1,1,1,0.0005,600,0.4,Adam
0.0,0.0,0.0,E-CDE-VAE,100,0.001,0.001,1,1,1,0.0005,600,0.4,Adam
0.0,0.0,0.0,E-CDE-VAE,100,0.001,0.001,1,1,1,0.0005,600,0.4,Adam
0.0,0.0,0.013975533195734432,E-CDE-VAE,100,0.001,0.001,1,1,1,0.0005,600,0.4,Adam
0.0,0.0,0.0,E-CDE-VAE,100,0.001,0.001,1,1,1,0.0005,600,0.4,Adam
0.09,0.15746031746031747,0.15958283224343595,E-CDE-VAE,100,0.001,0.001,1,1,1,0.0005,600,0.4,Adam
0.09,0.15746031746031747,0.15958283224343595,E-CDE-VAE,100,0.001,0.001,1,1,1,0.0005,600,0.4,Adam
0.0,0.0,0.0,E-CDE-VAE,100,0.001,0.001,1,1,1,0.0005,600,0.4,Adam
0.0,0.0,0.0,E-CDE-VAE,100,0.001,0.001,1,1,1,0.0005,600,0.4,Adam
0.4966666666666666,0.4856349206349206,0.5105311585129695,E-CDE-VAE,100,0.001,0.001,1,1,1,0.0005,600,0.4,Adam
0.0,0.0,0.0,E-CDE-VAE,100,0.001,0.001,1,1,1,0.0005,600,0.4,Adam
0.0,0.0,0.0,E-CDE-VAE,100,0.001,0.001,1,1,1,0.0005,600,0.4,Adam
0.0,0.0,0.013975533195734432,E-CDE-VAE,100,0.001,0.001,1,1,1,0.0005,600,0.4,Adam
0.0,0.0,0.0,E-CDE-VAE,100,0.001,0.001,1,1,1,0.0005,600,0.4,Adam
0.4966666666666666,0.4856349206349206,0.5105311585129695,E-CDE-VAE,100,0.001,0.001,1,1,1,0.0005,600,0.4,Adam
0.0,0.0,0.0,E-CDE-VAE,100,0.001,0.001,1,1,1,0.0005,600,0.4,Adam
0.4966666666666666,0.4856349206349206,0.5105311585129695,E-CDE-VAE,100,0.001,0.001,1,1,1,0.0005,600,0.4,Adam
0.0,0.0,0.0,E-CDE-VAE,100,0.001,0.001,1,1,1,0.0005,600,0.4,Adam
0.0,0.0,0.017308866529067764,E-CDE-VAE,100,0.001,0.001,1,1,1,0.0005,600,0.4,Adam
0.0,0.0,0.017308866529067764,E-CDE-VAE,100,0.001,0.001,1,1,1,0.0005,600,0.4,Adam
0.0,0.0,0.0,E-CDE-VAE,100,0.001,0.001,1,1,1,0.0005,600,0.4,Adam
0.4966666666666666,0.4856349206349206,0.5105311585129695,E-CDE-VAE,100,0.001,0.001,1,1,1,0.0005,600,0.4,Adam
0.09,0.15746031746031747,0.15958283224343595,E-CDE-VAE,100,0.001,0.001,1,1,1,0.0005,600,0.4,Adam
0.0,0.0,0.0,E-CDE-VAE,100,0.001,0.001,1,1,1,0.0005,600,0.4,Adam
0.0,0.0,0.013975533195734432,E-CDE-VAE,100,0.001,0.001,1,1,1,0.0005,600,0.4,Adam
0.0,0.0,0.0,E-CDE-VAE,100,0.001,0.001,1,1,1,0.0005,600,0.4,Adam
0.0,0.0,0.0,E-CDE-VAE,100,0.001,0.001,1,1,1,0.0005,600,0.4,Adam
0.09,0.15746031746031747,0.15958283224343595,E-CDE-VAE,100,0.001,0.001,1,1,1,0.0005,600,0.4,Adam
0.0,0.0,0.013975533195734432,E-CDE-VAE,100,0.001,0.001,1,1,1,0.0005,600,0.4,Adam
0.0,0.0,0.013975533195734432,E-CDE-VAE,100,0.001,0.001,1,1,1,0.0005,600,0.4,Adam
0.0,0.0,0.0,E-CDE-VAE,100,0.001,0.001,1,1,1,0.0005,600,0.4,Adam
0.0,0.0,0.013975533195734432,E-CDE-VAE,100,0.001,0.001,1,1,1,0.0005,600,0.4,Adam
0.0,0.0,0.0,E-CDE-VAE,100,0.001,0.001,1,1,1,0.0005,600,0.4,Adam
0.09,0.15746031746031747,0.15958283224343595,E-CDE-VAE,100,0.001,0.001,1,1,1,0.0005,600,0.4,Adam
0.0,0.0,0.0,E-CDE-VAE,100,0.001,0.001,1,1,1,0.0005,600,0.4,Adam
0.0,0.0,0.0,E-CDE-VAE,100,0.001,0.001,1,1,1,0.0005,600,0.4,Adam
0.0,0.0,0.017308866529067764,E-CDE-VAE,100,0.001,0.001,1,1,1,0.0005,600,0.4,Adam
0.0,0.0,0.0,E-CDE-VAE,100,0.001,0.001,1,1,1,0.0005,600,0.4,Adam
0.0,0.0,0.017308866529067764,E-CDE-VAE,100,0.001,0.001,1,1,1,0.0005,600,0.4,Adam
0.0,0.0,0.017308866529067764,E-CDE-VAE,100,0.001,0.001,1,1,1,0.0005,600,0.4,Adam
0.0,0.0,0.0,E-CDE-VAE,100,0.001,0.001,1,1,1,0.0005,600,0.4,Adam
0.0,0.0,0.0,E-CDE-VAE,100,0.001,0.001,1,1,1,0.0005,600,0.4,Adam
0.0,0.0,0.0,E-CDE-VAE,100,0.001,0.001,1,1,1,0.0005,600,0.4,Adam
0.0,0.0,0.0,E-CDE-VAE,100,0.001,0.001,1,1,1,0.0005,600,0.4,Adam
0.0,0.0,0.0,E-CDE-VAE,100,0.001,0.001,1,1,1,0.0005,600,0.4,Adam
0.09,0.15746031746031747,0.15958283224343595,E-CDE-VAE,100,0.001,0.001,1,1,1,0.0005,600,0.4,Adam
0.0,0.0,0.013975533195734432,E-CDE-VAE,100,0.001,0.001,1,1,1,0.0005,600,0.4,Adam
0.0,0.0,0.0,E-CDE-VAE,100,0.001,0.001,1,1,1,0.0005,600,0.4,Adam
0.0,0.0,0.0,E-CDE-VAE,100,0.001,0.001,1,1,1,0.0005,600,0.4,Adam
0.0,0.0,0.0,E-CDE-VAE,100,0.001,0.001,1,1,1,0.0005,600,0.4,Adam
0.4966666666666666,0.4856349206349206,0.5105311585129695,E-CDE-VAE,100,0.001,0.001,1,1,1,0.0005,600,0.4,Adam
0.0,0.0,0.0,E-CDE-VAE,100,0.001,0.001,1,1,1,0.0005,600,0.4,Adam
0.0,0.0,0.0,E-CDE-VAE,100,0.001,0.001,1,1,1,0.0005,600,0.4,Adam
0.0,0.0,0.0,E-CDE-VAE,100,0.001,0.001,1,1,1,0.0005,600,0.4,Adam
0.0,0.0,0.0,E-CDE-VAE,100,0.001,0.001,1,1,1,0.0005,600,0.4,Adam
0.0,0.0,0.0,E-CDE-VAE,100,0.001,0.001,1,1,1,0.0005,600,0.4,Adam
0.09,0.15746031746031747,0.15958283224343595,E-CDE-VAE,100,0.001,0.001,1,1,1,0.0005,600,0.4,Adam
0.0,0.0,0.0,E-CDE-VAE,100,0.001,0.001,1,1,1,0.0005,600,0.4,Adam
0.0,0.0,0.017308866529067764,E-CDE-VAE,100,0.001,0.001,1,1,1,0.0005,600,0.4,Adam
0.0,0.0,0.0,E-CDE-VAE,100,0.001,0.001,1,1,1,0.0005,600,0.4,Adam
0.09,0.15746031746031747,0.15958283224343595,E-CDE-VAE,100,0.001,0.001,1,1,1,0.0005,600,0.4,Adam
0.0,0.0,0.0,E-CDE-VAE,100,0.001,0.001,1,1,1,0.0005,600,0.4,Adam
0.0,0.0,0.0,E-CDE-VAE,100,0.001,0.001,1,1,1,0.0005,600,0.4,Adam
0.0,0.0,0.017308866529067764,E-CDE-VAE,100,0.001,0.001,1,1,1,0.0005,600,0.4,Adam
0.0,0.0,0.013975533195734432,E-CDE-VAE,100,0.001,0.001,1,1,1,0.0005,600,0.4,Adam
0.0,0.0,0.0,E-CDE-VAE,100,0.001,0.001,1,1,1,0.0005,600,0.4,Adam
0.0,0.0,0.0,E-CDE-VAE,100,0.001,0.001,1,1,1,0.0005,600,0.4,Adam
0.0,0.0,0.0,E-CDE-VAE,100,0.001,0.001,1,1,1,0.0005,600,0.4,Adam
0.0,0.0,0.0,E-CDE-VAE,100,0.001,0.001,1,1,1,0.0005,600,0.4,Adam
0.0,0.0,0.017308866529067764,E-CDE-VAE,100,0.001,0.001,1,1,1,0.0005,600,0.4,Adam
0.0,0.0,0.0,E-CDE-VAE,100,0.001,0.001,1,1,1,0.0005,600,0.4,Adam
0.4966666666666666,0.4856349206349206,0.5105311585129695,E-CDE-VAE,100,0.001,0.001,1,1,1,0.0005,600,0.4,Adam
0.0,0.0,0.0,E-CDE-VAE,100,0.001,0.001,1,1,1,0.0005,600,0.4,Adam
0.0,0.0,0.0,E-CDE-VAE,100,0.001,0.001,1,1,1,0.0005,600,0.4,Adam
0.0,0.0,0.0,E-CDE-VAE,100,0.001,0.001,1,1,1,0.0005,600,0.4,Adam
0.4966666666666666,0.4856349206349206,0.5105311585129695,E-CDE-VAE,100,0.001,0.001,1,1,1,0.0005,600,0.4,Adam
0.0,0.0,0.0,E-CDE-VAE,100,0.001,0.001,1,1,1,0.0005,600,0.4,Adam
0.0,0.0,0.0,E-CDE-VAE,100,0.001,0.001,1,1,1,0.0005,600,0.4,Adam
0.0,0.0,0.0,E-CDE-VAE,100,0.001,0.001,1,1,1,0.0005,600,0.4,Adam
0.0,0.0,0.017308866529067764,E-CDE-VAE,100,0.001,0.001,1,1,1,0.0005,600,0.4,Adam
0.0,0.0,0.0,E-CDE-VAE,100,0.001,0.001,1,1,1,0.0005,600,0.4,Adam
0.0,0.0,0.0,E-CDE-VAE,100,0.001,0.001,1,1,1,0.0005,600,0.4,Adam
0.0,0.0,0.0,E-CDE-VAE,100,0.001,0.001,1,1,1,0.0005,600,0.4,Adam
0.0,0.0,0.017308866529067764,E-CDE-VAE,100,0.001,0.001,1,1,1,0.0005,600,0.4,Adam
0.0,0.0,0.0,E-CDE-VAE,100,0.001,0.001,1,1,1,0.0005,600,0.4,Adam
0.0,0.0,0.0,E-CDE-VAE,100,0.001,0.001,1,1,1,0.0005,600,0.4,Adam
0.4966666666666666,0.4856349206349206,0.5105311585129695,E-CDE-VAE,100,0.001,0.001,1,1,1,0.0005,600,0.4,Adam
0.0,0.0,0.0,E-CDE-VAE,100,0.001,0.001,1,1,1,0.0005,600,0.4,Adam
0.09,0.15746031746031747,0.15958283224343595,E-CDE-VAE,100,0.001,0.001,1,1,1,0.0005,600,0.4,Adam
0.09,0.15746031746031747,0.15958283224343595,E-CDE-VAE,100,0.001,0.001,1,1,1,0.0005,600,0.4,Adam
0.4966666666666666,0.4856349206349206,0.5105311585129695,E-CDE-VAE,100,0.001,0.001,1,1,1,0.0005,600,0.4,Adam
0.0,0.0,0.0,E-CDE-VAE,100,0.001,0.001,1,1,1,0.0005,600,0.4,Adam
0.0,0.0,0.0,E-CDE-VAE,100,0.001,0.001,1,1,1,0.0005,600,0.4,Adam
0.0,0.0,0.0,E-CDE-VAE,100,0.001,0.001,1,1,1,0.0005,600,0.4,Adam
0.0,0.0,0.0,E-CDE-VAE,100,0.001,0.001,1,1,1,0.0005,600,0.4,Adam
0.4966666666666666,0.4856349206349206,0.5105311585129695,E-CDE-VAE,100,0.001,0.001,1,1,1,0.0005,600,0.4,Adam
0.0,0.0,0.0,E-CDE-VAE,100,0.001,0.001,1,1,1,0.0005,600,0.4,Adam
0.0,0.0,0.0,E-CDE-VAE,100,0.001,0.001,1,1,1,0.0005,600,0.4,Adam
0.0,0.0,0.013975533195734432,E-CDE-VAE,100,0.001,0.001,1,1,1,0.0005,600,0.4,Adam
0.0,0.0,0.0,E-CDE-VAE,100,0.001,0.001,1,1,1,0.0005,600,0.4,Adam
0.0,0.0,0.0,E-CDE-VAE,100,0.001,0.001,1,1,1,0.0005,600,0.4,Adam
0.0,0.0,0.0,E-CDE-VAE,100,0.001,0.001,1,1,1,0.0005,600,0.4,Adam
0.0,0.0,0.0,E-CDE-VAE,100,0.001,0.001,1,1,1,0.0005,600,0.4,Adam
0.4966666666666666,0.4856349206349206,0.5105311585129695,E-CDE-VAE,100,0.001,0.001,1,1,1,0.0005,600,0.4,Adam
0.0,0.0,0.0,E-CDE-VAE,100,0.001,0.001,1,1,1,0.0005,600,0.4,Adam
0.0,0.0,0.0,E-CDE-VAE,100,0.001,0.001,1,1,1,0.0005,600,0.4,Adam
0.09,0.15746031746031747,0.15958283224343595,E-CDE-VAE,100,0.001,0.001,1,1,1,0.0005,600,0.4,Adam
0.0,0.0,0.0,E-CDE-VAE,100,0.001,0.001,1,1,1,0.0005,600,0.4,Adam
0.0,0.0,0.017308866529067764,E-CDE-VAE,100,0.001,0.001,1,1,1,0.0005,600,0.4,Adam
0.0,0.0,0.0,E-CDE-VAE,100,0.001,0.001,1,1,1,0.0005,600,0.4,Adam
0.0,0.0,0.0,E-CDE-VAE,100,0.001,0.001,1,1,1,0.0005,600,0.4,Adam
0.09,0.15746031746031747,0.15958283224343595,E-CDE-VAE,100,0.001,0.001,1,1,1,0.0005,600,0.4,Adam
0.0,0.0,0.0,E-CDE-VAE,100,0.001,0.001,1,1,1,0.0005,600,0.4,Adam
0.4966666666666666,0.4856349206349206,0.5105311585129695,E-CDE-VAE,100,0.001,0.001,1,1,1,0.0005,600,0.4,Adam
0.0,0.0,0.0,E-CDE-VAE,100,0.001,0.001,1,1,1,0.0005,600,0.4,Adam
0.0,0.0,0.0,E-CDE-VAE,100,0.001,0.001,1,1,1,0.0005,600,0.4,Adam
0.0,0.0,0.013975533195734432,E-CDE-VAE,100,0.001,0.001,1,1,1,0.0005,600,0.4,Adam
0.0,0.0,0.0,E-CDE-VAE,100,0.001,0.001,1,1,1,0.0005,600,0.4,Adam
0.0,0.0,0.017308866529067764,E-CDE-VAE,100,0.001,0.001,1,1,1,0.0005,600,0.4,Adam
0.0,0.0,0.0,E-CDE-VAE,100,0.001,0.001,1,1,1,0.0005,600,0.4,Adam
0.0,0.0,0.0,E-CDE-VAE,100,0.001,0.001,1,1,1,0.0005,600,0.4,Adam
0.0,0.0,0.0,E-CDE-VAE,100,0.001,0.001,1,1,1,0.0005,600,0.4,Adam
0.0,0.0,0.0,E-CDE-VAE,100,0.001,0.001,1,1,1,0.0005,600,0.4,Adam
0.0,0.0,0.0,E-CDE-VAE,100,0.001,0.001,1,1,1,0.0005,600,0.4,Adam
0.09,0.15746031746031747,0.15958283224343595,E-CDE-VAE,100,0.001,0.001,1,1,1,0.0005,600,0.4,Adam
0.4966666666666666,0.4856349206349206,0.5105311585129695,E-CDE-VAE,100,0.001,0.001,1,1,1,0.0005,600,0.4,Adam
0.4966666666666666,0.4856349206349206,0.5105311585129695,E-CDE-VAE,100,0.001,0.001,1,1,1,0.0005,600,0.4,Adam
0.09,0.15746031746031747,0.15958283224343595,E-CDE-VAE,100,0.001,0.001,1,1,1,0.0005,600,0.4,Adam
0.0,0.0,0.0,E-CDE-VAE,100,0.001,0.001,1,1,1,0.0005,600,0.4,Adam
0.0,0.0,0.013975533195734432,E-CDE-VAE,100,0.001,0.001,1,1,1,0.0005,600,0.4,Adam
0.0,0.0,0.0,E-CDE-VAE,100,0.001,0.001,1,1,1,0.0005,600,0.4,Adam
0.0,0.0,0.0,E-CDE-VAE,100,0.001,0.001,1,1,1,0.0005,600,0.4,Adam
0.0,0.0,0.0,E-CDE-VAE,100,0.001,0.001,1,1,1,0.0005,600,0.4,Adam
0.0,0.0,0.0,E-CDE-VAE,100,0.001,0.001,1,1,1,0.0005,600,0.4,Adam
0.0,0.0,0.017308866529067764,E-CDE-VAE,100,0.001,0.001,1,1,1,0.0005,600,0.4,Adam
0.0,0.0,0.017308866529067764,E-CDE-VAE,100,0.001,0.001,1,1,1,0.0005,600,0.4,Adam
0.0,0.0,0.0,E-CDE-VAE,100,0.001,0.001,1,1,1,0.0005,600,0.4,Adam
0.0,0.0,0.0,E-CDE-VAE,100,0.001,0.001,1,1,1,0.0005,600,0.4,Adam
0.0,0.0,0.0,E-CDE-VAE,100,0.001,0.001,1,1,1,0.0005,600,0.4,Adam
0.0,0.0,0.0,E-CDE-VAE,100,0.001,0.001,1,1,1,0.0005,600,0.4,Adam
0.4966666666666666,0.4856349206349206,0.5105311585129695,E-CDE-VAE,100,0.001,0.001,1,1,1,0.0005,600,0.4,Adam
0.0,0.0,0.017308866529067764,E-CDE-VAE,100,0.001,0.001,1,1,1,0.0005,600,0.4,Adam
0.0,0.0,0.0,E-CDE-VAE,100,0.001,0.001,1,1,1,0.0005,600,0.4,Adam
0.0,0.0,0.0,E-CDE-VAE,100,0.001,0.001,1,1,1,0.0005,600,0.4,Adam
0.0,0.0,0.0,E-CDE-VAE,100,0.001,0.001,1,1,1,0.0005,600,0.4,Adam
0.0,0.0,0.0,E-CDE-VAE,100,0.001,0.001,1,1,1,0.0005,600,0.4,Adam
0.09,0.15746031746031747,0.15958283224343595,E-CDE-VAE,100,0.001,0.001,1,1,1,0.0005,600,0.4,Adam
0.09,0.15746031746031747,0.15958283224343595,E-CDE-VAE,100,0.001,0.001,1,1,1,0.0005,600,0.4,Adam
0.0,0.0,0.0,E-CDE-VAE,100,0.001,0.001,1,1,1,0.0005,600,0.4,Adam
0.0,0.0,0.0,E-CDE-VAE,100,0.001,0.001,1,1,1,0.0005,600,0.4,Adam
0.0,0.0,0.0,E-CDE-VAE,100,0.001,0.001,1,1,1,0.0005,600,0.4,Adam
0.09,0.15746031746031747,0.15958283224343595,E-CDE-VAE,100,0.001,0.001,1,1,1,0.0005,600,0.4,Adam
0.0,0.0,0.017308866529067764,E-CDE-VAE,100,0.001,0.001,1,1,1,0.0005,600,0.4,Adam
0.0,0.0,0.0,E-CDE-VAE,100,0.001,0.001,1,1,1,0.0005,600,0.4,Adam
0.4966666666666666,0.4856349206349206,0.5105311585129695,E-CDE-VAE,100,0.001,0.001,1,1,1,0.0005,600,0.4,Adam
0.0,0.0,0.017308866529067764,E-CDE-VAE,100,0.001,0.001,1,1,1,0.0005,600,0.4,Adam
0.0,0.0,0.0,E-CDE-VAE,100,0.001,0.001,1,1,1,0.0005,600,0.4,Adam
0.0,0.0,0.0,E-CDE-VAE,100,0.001,0.001,1,1,1,0.0005,600,0.4,Adam
0.0,0.0,0.0,E-CDE-VAE,100,0.001,0.001,1,1,1,0.0005,600,0.4,Adam
0.0,0.0,0.0,E-CDE-VAE,100,0.001,0.001,1,1,1,0.0005,600,0.4,Adam
0.0,0.0,0.013975533195734432,E-CDE-VAE,100,0.001,0.001,1,1,1,0.0005,600,0.4,Adam
0.4966666666666666,0.4856349206349206,0.5105311585129695,E-CDE-VAE,100,0.001,0.001,1,1,1,0.0005,600,0.4,Adam
0.4966666666666666,0.4856349206349206,0.5105311585129695,E-CDE-VAE,100,0.001,0.001,1,1,1,0.0005,600,0.4,Adam
0.0,0.0,0.0,E-CDE-VAE,100,0.001,0.001,1,1,1,0.0005,600,0.4,Adam
0.0,0.0,0.0,E-CDE-VAE,100,0.001,0.001,1,1,1,0.0005,600,0.4,Adam
0.0,0.0,0.0,E-CDE-VAE,100,0.001,0.001,1,1,1,0.0005,600,0.4,Adam
0.0,0.0,0.0,E-CDE-VAE,100,0.001,0.001,1,1,1,0.0005,600,0.4,Adam
0.0,0.0,0.0,E-CDE-VAE,100,0.001,0.001,1,1,1,0.0005,600,0.4,Adam
0.0,0.0,0.0,E-CDE-VAE,100,0.001,0.001,1,1,1,0.0005,600,0.4,Adam
0.0,0.0,0.0,E-CDE-VAE,100,0.001,0.001,1,1,1,0.0005,600,0.4,Adam
0.0,0.0,0.0,E-CDE-VAE,100,0.001,0.001,1,1,1,0.0005,600,0.4,Adam
0.0,0.0,0.0,E-CDE-VAE,100,0.001,0.001,1,1,1,0.0005,600,0.4,Adam
0.09,0.15746031746031747,0.15958283224343595,E-CDE-VAE,100,0.001,0.001,1,1,1,0.0005,600,0.4,Adam
0.0,0.0,0.0,E-CDE-VAE,100,0.001,0.001,1,1,1,0.0005,600,0.4,Adam
0.0,0.0,0.0,E-CDE-VAE,100,0.001,0.001,1,1,1,0.0005,600,0.4,Adam
0.0,0.0,0.0,E-CDE-VAE,100,0.001,0.001,1,1,1,0.0005,600,0.4,Adam
0.0,0.0,0.0,E-CDE-VAE,100,0.001,0.001,1,1,1,0.0005,600,0.4,Adam
0.0,0.0,0.017308866529067764,E-CDE-VAE,100,0.001,0.001,1,1,1,0.0005,600,0.4,Adam
0.0,0.0,0.013975533195734432,E-CDE-VAE,100,0.001,0.001,1,1,1,0.0005,600,0.4,Adam
0.09,0.15746031746031747,0.15958283224343595,E-CDE-VAE,100,0.001,0.001,1,1,1,0.0005,600,0.4,Adam
0.0,0.0,0.0,E-CDE-VAE,100,0.001,0.001,1,1,1,0.0005,600,0.4,Adam
0.0,0.0,0.0,E-CDE-VAE,100,0.001,0.001,1,1,1,0.0005,600,0.4,Adam
0.09,0.15746031746031747,0.15958283224343595,E-CDE-VAE,100,0.001,0.001,1,1,1,0.0005,600,0.4,Adam
0.0,0.0,0.0,E-CDE-VAE,100,0.001,0.001,1,1,1,0.0005,600,0.4,Adam
0.0,0.0,0.0,E-CDE-VAE,100,0.001,0.001,1,1,1,0.0005,600,0.4,Adam
0.0,0.0,0.017308866529067764,E-CDE-VAE,100,0.001,0.001,1,1,1,0.0005,600,0.4,Adam
0.4966666666666666,0.4856349206349206,0.5105311585129695,E-CDE-VAE,100,0.001,0.001,1,1,1,0.0005,600,0.4,Adam
0.0,0.0,0.013975533195734432,E-CDE-VAE,100,0.001,0.001,1,1,1,0.0005,600,0.4,Adam
0.0,0.0,0.0,E-CDE-VAE,100,0.001,0.001,1,1,1,0.0005,600,0.4,Adam
0.0,0.0,0.017308866529067764,E-CDE-VAE,100,0.001,0.001,1,1,1,0.0005,600,0.4,Adam
0.09,0.15746031746031747,0.15958283224343595,E-CDE-VAE,100,0.001,0.001,1,1,1,0.0005,600,0.4,Adam
0.09,0.15746031746031747,0.15958283224343595,E-CDE-VAE,100,0.001,0.001,1,1,1,0.0005,600,0.4,Adam
0.0,0.0,0.0,E-CDE-VAE,100,0.001,0.001,1,1,1,0.0005,600,0.4,Adam
0.0,0.0,0.0,E-CDE-VAE,100,0.001,0.001,1,1,1,0.0005,600,0.4,Adam
0.09,0.15746031746031747,0.15958283224343595,E-CDE-VAE,100,0.001,0.001,1,1,1,0.0005,600,0.4,Adam
0.0,0.0,0.0,E-CDE-VAE,100,0.001,0.001,1,1,1,0.0005,600,0.4,Adam
0.0,0.0,0.0,E-CDE-VAE,100,0.001,0.001,1,1,1,0.0005,600,0.4,Adam
0.0,0.0,0.0,E-CDE-VAE,100,0.001,0.001,1,1,1,0.0005,600,0.4,Adam
0.0,0.0,0.0,E-CDE-VAE,100,0.001,0.001,1,1,1,0.0005,600,0.4,Adam
0.0,0.0,0.017308866529067764,E-CDE-VAE,100,0.001,0.001,1,1,1,0.0005,600,0.4,Adam
0.0,0.0,0.0,E-CDE-VAE,100,0.001,0.001,1,1,1,0.0005,600,0.4,Adam
0.0,0.0,0.0,E-CDE-VAE,100,0.001,0.001,1,1,1,0.0005,600,0.4,Adam
0.0,0.0,0.0,E-CDE-VAE,100,0.001,0.001,1,1,1,0.0005,600,0.4,Adam
0.0,0.0,0.0,E-CDE-VAE,100,0.001,0.001,1,1,1,0.0005,600,0.4,Adam
0.0,0.0,0.017308866529067764,E-CDE-VAE,100,0.001,0.001,1,1,1,0.0005,600,0.4,Adam
0.0,0.0,0.0,E-CDE-VAE,100,0.001,0.001,1,1,1,0.0005,600,0.4,Adam
0.0,0.0,0.0,E-CDE-VAE,100,0.001,0.001,1,1,1,0.0005,600,0.4,Adam
0.0,0.0,0.0,E-CDE-VAE,100,0.001,0.001,1,1,1,0.0005,600,0.4,Adam
0.0,0.0,0.0,E-CDE-VAE,100,0.001,0.001,1,1,1,0.0005,600,0.4,Adam
0.0,0.0,0.0,E-CDE-VAE,100,0.001,0.001,1,1,1,0.0005,600,0.4,Adam
0.0,0.0,0.0,E-CDE-VAE,100,0.001,0.001,1,1,1,0.0005,600,0.4,Adam
0.0,0.0,0.0,E-CDE-VAE,100,0.001,0.001,1,1,1,0.0005,600,0.4,Adam
0.0,0.0,0.0,E-CDE-VAE,100,0.001,0.001,1,1,1,0.0005,600,0.4,Adam
0.09,0.15746031746031747,0.15958283224343595,E-CDE-VAE,100,0.001,0.001,1,1,1,0.0005,600,0.4,Adam
0.0,0.0,0.0,E-CDE-VAE,100,0.001,0.001,1,1,1,0.0005,600,0.4,Adam
0.0,0.0,0.0,E-CDE-VAE,100,0.001,0.001,1,1,1,0.0005,600,0.4,Adam
0.0,0.0,0.013975533195734432,E-CDE-VAE,100,0.001,0.001,1,1,1,0.0005,600,0.4,Adam
0.4966666666666666,0.4856349206349206,0.5105311585129695,E-CDE-VAE,100,0.001,0.001,1,1,1,0.0005,600,0.4,Adam
0.0,0.0,0.013975533195734432,E-CDE-VAE,100,0.001,0.001,1,1,1,0.0005,600,0.4,Adam
0.0,0.0,0.0,E-CDE-VAE,100,0.001,0.001,1,1,1,0.0005,600,0.4,Adam
0.0,0.0,0.0,E-CDE-VAE,100,0.001,0.001,1,1,1,0.0005,600,0.4,Adam
0.0,0.0,0.0,E-CDE-VAE,100,0.001,0.001,1,1,1,0.0005,600,0.4,Adam
0.0,0.0,0.0,E-CDE-VAE,100,0.001,0.001,1,1,1,0.0005,600,0.4,Adam
0.0,0.0,0.017308866529067764,E-CDE-VAE,100,0.001,0.001,1,1,1,0.0005,600,0.4,Adam
0.0,0.0,0.017308866529067764,E-CDE-VAE,100,0.001,0.001,1,1,1,0.0005,600,0.4,Adam
0.0,0.0,0.013975533195734432,E-CDE-VAE,100,0.001,0.001,1,1,1,0.0005,600,0.4,Adam
0.09,0.15746031746031747,0.15958283224343595,E-CDE-VAE,100,0.001,0.001,1,1,1,0.0005,600,0.4,Adam
0.0,0.0,0.0,E-CDE-VAE,100,0.001,0.001,1,1,1,0.0005,600,0.4,Adam
0.0,0.0,0.017308866529067764,E-CDE-VAE,100,0.001,0.001,1,1,1,0.0005,600,0.4,Adam
0.0,0.0,0.017308866529067764,E-CDE-VAE,100,0.001,0.001,1,1,1,0.0005,600,0.4,Adam
0.0,0.0,0.017308866529067764,E-CDE-VAE,100,0.001,0.001,1,1,1,0.0005,600,0.4,Adam
0.0,0.0,0.0,E-CDE-VAE,100,0.001,0.001,1,1,1,0.0005,600,0.4,Adam
0.0,0.0,0.0,E-CDE-VAE,100,0.001,0.001,1,1,1,0.0005,600,0.4,Adam
0.0,0.0,0.0,E-CDE-VAE,100,0.001,0.001,1,1,1,0.0005,600,0.4,Adam
0.0,0.0,0.0,E-CDE-VAE,100,0.001,0.001,1,1,1,0.0005,600,0.4,Adam
0.0,0.0,0.0,E-CDE-VAE,100,0.001,0.001,1,1,1,0.0005,600,0.4,Adam
0.09,0.15746031746031747,0.15958283224343595,E-CDE-VAE,100,0.001,0.001,1,1,1,0.0005,600,0.4,Adam
0.0,0.0,0.0,E-CDE-VAE,100,0.001,0.001,1,1,1,0.0005,600,0.4,Adam
0.0,0.0,0.0,E-CDE-VAE,100,0.001,0.001,1,1,1,0.0005,600,0.4,Adam
0.0,0.0,0.0,E-CDE-VAE,100,0.001,0.001,1,1,1,0.0005,600,0.4,Adam
0.4966666666666666,0.4856349206349206,0.5105311585129695,E-CDE-VAE,100,0.001,0.001,1,1,1,0.0005,600,0.4,Adam
0.0,0.0,0.017308866529067764,E-CDE-VAE,100,0.001,0.001,1,1,1,0.0005,600,0.4,Adam
0.0,0.0,0.0,E-CDE-VAE,100,0.001,0.001,1,1,1,0.0005,600,0.4,Adam
0.0,0.0,0.017308866529067764,E-CDE-VAE,100,0.001,0.001,1,1,1,0.0005,600,0.4,Adam
0.0,0.0,0.0,E-CDE-VAE,100,0.001,0.001,1,1,1,0.0005,600,0.4,Adam
0.0,0.0,0.0,E-CDE-VAE,100,0.001,0.001,1,1,1,0.0005,600,0.4,Adam
0.0,0.0,0.0,E-CDE-VAE,100,0.001,0.001,1,1,1,0.0005,600,0.4,Adam
0.0,0.0,0.0,E-CDE-VAE,100,0.001,0.001,1,1,1,0.0005,600,0.4,Adam
0.0,0.0,0.0,E-CDE-VAE,100,0.001,0.001,1,1,1,0.0005,600,0.4,Adam
0.0,0.0,0.0,E-CDE-VAE,100,0.001,0.001,1,1,1,0.0005,600,0.4,Adam
0.0,0.0,0.0,E-CDE-VAE,100,0.001,0.001,1,1,1,0.0005,600,0.4,Adam
0.0,0.0,0.0,E-CDE-VAE,100,0.001,0.001,1,1,1,0.0005,600,0.4,Adam
0.09,0.15746031746031747,0.15958283224343595,E-CDE-VAE,100,0.001,0.001,1,1,1,0.0005,600,0.4,Adam
0.0,0.0,0.013975533195734432,E-CDE-VAE,100,0.001,0.001,1,1,1,0.0005,600,0.4,Adam
0.0,0.0,0.0,E-CDE-VAE,100,0.001,0.001,1,1,1,0.0005,600,0.4,Adam
0.0,0.0,0.0,E-CDE-VAE,100,0.001,0.001,1,1,1,0.0005,600,0.4,Adam
0.0,0.0,0.0,E-CDE-VAE,100,0.001,0.001,1,1,1,0.0005,600,0.4,Adam
0.0,0.0,0.0,E-CDE-VAE,100,0.001,0.001,1,1,1,0.0005,600,0.4,Adam
0.4966666666666666,0.4856349206349206,0.5105311585129695,E-CDE-VAE,100,0.001,0.001,1,1,1,0.0005,600,0.4,Adam
0.0,0.0,0.0,E-CDE-VAE,100,0.001,0.001,1,1,1,0.0005,600,0.4,Adam
0.0,0.0,0.0,E-CDE-VAE,100,0.001,0.001,1,1,1,0.0005,600,0.4,Adam
0.0,0.0,0.0,E-CDE-VAE,100,0.001,0.001,1,1,1,0.0005,600,0.4,Adam
0.0,0.0,0.017308866529067764,E-CDE-VAE,100,0.001,0.001,1,1,1,0.0005,600,0.4,Adam
0.0,0.0,0.0,E-CDE-VAE,100,0.001,0.001,1,1,1,0.0005,600,0.4,Adam
0.0,0.0,0.0,E-CDE-VAE,100,0.001,0.001,1,1,1,0.0005,600,0.4,Adam
0.0,0.0,0.0,E-CDE-VAE,100,0.001,0.001,1,1,1,0.0005,600,0.4,Adam
0.0,0.0,0.0,E-CDE-VAE,100,0.001,0.001,1,1,1,0.0005,600,0.4,Adam
0.0,0.0,0.0,E-CDE-VAE,100,0.001,0.001,1,1,1,0.0005,600,0.4,Adam
0.0,0.0,0.0,E-CDE-VAE,100,0.001,0.001,1,1,1,0.0005,600,0.4,Adam
0.0,0.0,0.0,E-CDE-VAE,100,0.001,0.001,1,1,1,0.0005,600,0.4,Adam
0.4966666666666666,0.4856349206349206,0.5105311585129695,E-CDE-VAE,100,0.001,0.001,1,1,1,0.0005,600,0.4,Adam
0.0,0.0,0.013975533195734432,E-CDE-VAE,100,0.001,0.001,1,1,1,0.0005,600,0.4,Adam
0.0,0.0,0.0,E-CDE-VAE,100,0.001,0.001,1,1,1,0.0005,600,0.4,Adam
0.0,0.0,0.0,E-CDE-VAE,100,0.001,0.001,1,1,1,0.0005,600,0.4,Adam
0.0,0.0,0.0,E-CDE-VAE,100,0.001,0.001,1,1,1,0.0005,600,0.4,Adam
0.0,0.0,0.0,E-CDE-VAE,100,0.001,0.001,1,1,1,0.0005,600,0.4,Adam
0.0,0.0,0.017308866529067764,E-CDE-VAE,100,0.001,0.001,1,1,1,0.0005,600,0.4,Adam
0.0,0.0,0.017308866529067764,E-CDE-VAE,100,0.001,0.001,1,1,1,0.0005,600,0.4,Adam
0.0,0.0,0.013975533195734432,E-CDE-VAE,100,0.001,0.001,1,1,1,0.0005,600,0.4,Adam
0.0,0.0,0.017308866529067764,E-CDE-VAE,100,0.001,0.001,1,1,1,0.0005,600,0.4,Adam
0.0,0.0,0.0,E-CDE-VAE,100,0.001,0.001,1,1,1,0.0005,600,0.4,Adam
0.0,0.0,0.017308866529067764,E-CDE-VAE,100,0.001,0.001,1,1,1,0.0005,600,0.4,Adam
0.0,0.0,0.0,E-CDE-VAE,100,0.001,0.001,1,1,1,0.0005,600,0.4,Adam
0.0,0.0,0.017308866529067764,E-CDE-VAE,100,0.001,0.001,1,1,1,0.0005,600,0.4,Adam
0.0,0.0,0.017308866529067764,E-CDE-VAE,100,0.001,0.001,1,1,1,0.0005,600,0.4,Adam
0.0,0.0,0.0,E-CDE-VAE,100,0.001,0.001,1,1,1,0.0005,600,0.4,Adam
0.0,0.0,0.0,E-CDE-VAE,100,0.001,0.001,1,1,1,0.0005,600,0.4,Adam
0.0,0.0,0.0,E-CDE-VAE,100,0.001,0.001,1,1,1,0.0005,600,0.4,Adam
0.0,0.0,0.013975533195734432,E-CDE-VAE,100,0.001,0.001,1,1,1,0.0005,600,0.4,Adam
0.4966666666666666,0.4856349206349206,0.5105311585129695,E-CDE-VAE,100,0.001,0.001,1,1,1,0.0005,600,0.4,Adam
0.0,0.0,0.0,E-CDE-VAE,100,0.001,0.001,1,1,1,0.0005,600,0.4,Adam
0.0,0.0,0.0,E-CDE-VAE,100,0.001,0.001,1,1,1,0.0005,600,0.4,Adam
0.0,0.0,0.013975533195734432,E-CDE-VAE,100,0.001,0.001,1,1,1,0.0005,600,0.4,Adam
0.0,0.0,0.0,E-CDE-VAE,100,0.001,0.001,1,1,1,0.0005,600,0.4,Adam
0.0,0.0,0.013975533195734432,E-CDE-VAE,100,0.001,0.001,1,1,1,0.0005,600,0.4,Adam
0.0,0.0,0.0,E-CDE-VAE,100,0.001,0.001,1,1,1,0.0005,600,0.4,Adam
0.0,0.0,0.0,E-CDE-VAE,100,0.001,0.001,1,1,1,0.0005,600,0.4,Adam
0.0,0.0,0.0,E-CDE-VAE,100,0.001,0.001,1,1,1,0.0005,600,0.4,Adam
0.09,0.15746031746031747,0.15958283224343595,E-CDE-VAE,100,0.001,0.001,1,1,1,0.0005,600,0.4,Adam
0.0,0.0,0.0,E-CDE-VAE,100,0.001,0.001,1,1,1,0.0005,600,0.4,Adam
0.0,0.0,0.013975533195734432,E-CDE-VAE,100,0.001,0.001,1,1,1,0.0005,600,0.4,Adam
0.0,0.0,0.0,E-CDE-VAE,100,0.001,0.001,1,1,1,0.0005,600,0.4,Adam
0.0,0.0,0.017308866529067764,E-CDE-VAE,100,0.001,0.001,1,1,1,0.0005,600,0.4,Adam
0.0,0.0,0.0,E-CDE-VAE,100,0.001,0.001,1,1,1,0.0005,600,0.4,Adam
0.0,0.0,0.0,E-CDE-VAE,100,0.001,0.001,1,1,1,0.0005,600,0.4,Adam
0.4966666666666666,0.4856349206349206,0.5105311585129695,E-CDE-VAE,100,0.001,0.001,1,1,1,0.0005,600,0.4,Adam
0.0,0.0,0.017308866529067764,E-CDE-VAE,100,0.001,0.001,1,1,1,0.0005,600,0.4,Adam
0.0,0.0,0.0,E-CDE-VAE,100,0.001,0.001,1,1,1,0.0005,600,0.4,Adam
0.0,0.0,0.0,E-CDE-VAE,100,0.001,0.001,1,1,1,0.0005,600,0.4,Adam
0.0,0.0,0.0,E-CDE-VAE,100,0.001,0.001,1,1,1,0.0005,600,0.4,Adam
0.0,0.0,0.0,E-CDE-VAE,100,0.001,0.001,1,1,1,0.0005,600,0.4,Adam
0.0,0.0,0.017308866529067764,E-CDE-VAE,100,0.001,0.001,1,1,1,0.0005,600,0.4,Adam
0.0,0.0,0.0,E-CDE-VAE,100,0.001,0.001,1,1,1,0.0005,600,0.4,Adam
0.0,0.0,0.0,E-CDE-VAE,100,0.001,0.001,1,1,1,0.0005,600,0.4,Adam
0.0,0.0,0.0,E-CDE-VAE,100,0.001,0.001,1,1,1,0.0005,600,0.4,Adam
0.0,0.0,0.0,E-CDE-VAE,100,0.001,0.001,1,1,1,0.0005,600,0.4,Adam
0.0,0.0,0.0,E-CDE-VAE,100,0.001,0.001,1,1,1,0.0005,600,0.4,Adam
0.0,0.0,0.013975533195734432,E-CDE-VAE,100,0.001,0.001,1,1,1,0.0005,600,0.4,Adam
0.0,0.0,0.013975533195734432,E-CDE-VAE,100,0.001,0.001,1,1,1,0.0005,600,0.4,Adam
0.0,0.0,0.0,E-CDE-VAE,100,0.001,0.001,1,1,1,0.0005,600,0.4,Adam
0.0,0.0,0.0,E-CDE-VAE,100,0.001,0.001,1,1,1,0.0005,600,0.4,Adam
0.0,0.0,0.017308866529067764,E-CDE-VAE,100,0.001,0.001,1,1,1,0.0005,600,0.4,Adam
0.0,0.0,0.0,E-CDE-VAE,100,0.001,0.001,1,1,1,0.0005,600,0.4,Adam
0.09,0.15746031746031747,0.15958283224343595,E-CDE-VAE,100,0.001,0.001,1,1,1,0.0005,600,0.4,Adam
0.0,0.0,0.0,E-CDE-VAE,100,0.001,0.001,1,1,1,0.0005,600,0.4,Adam
0.0,0.0,0.0,E-CDE-VAE,100,0.001,0.001,1,1,1,0.0005,600,0.4,Adam
0.0,0.0,0.017308866529067764,E-CDE-VAE,100,0.001,0.001,1,1,1,0.0005,600,0.4,Adam
0.0,0.0,0.0,E-CDE-VAE,100,0.001,0.001,1,1,1,0.0005,600,0.4,Adam
0.0,0.0,0.0,E-CDE-VAE,100,0.001,0.001,1,1,1,0.0005,600,0.4,Adam
0.0,0.0,0.0,E-CDE-VAE,100,0.001,0.001,1,1,1,0.0005,600,0.4,Adam
0.4966666666666666,0.4856349206349206,0.5105311585129695,E-CDE-VAE,100,0.001,0.001,1,1,1,0.0005,600,0.4,Adam
0.0,0.0,0.0,E-CDE-VAE,100,0.001,0.001,1,1,1,0.0005,600,0.4,Adam
0.0,0.0,0.0,E-CDE-VAE,100,0.001,0.001,1,1,1,0.0005,600,0.4,Adam
0.0,0.0,0.017308866529067764,E-CDE-VAE,100,0.001,0.001,1,1,1,0.0005,600,0.4,Adam
0.0,0.0,0.0,E-CDE-VAE,100,0.001,0.001,1,1,1,0.0005,600,0.4,Adam
0.0,0.0,0.013975533195734432,E-CDE-VAE,100,0.001,0.001,1,1,1,0.0005,600,0.4,Adam
0.0,0.0,0.0,E-CDE-VAE,100,0.001,0.001,1,1,1,0.0005,600,0.4,Adam
0.0,0.0,0.0,E-CDE-VAE,100,0.001,0.001,1,1,1,0.0005,600,0.4,Adam
0.0,0.0,0.013975533195734432,E-CDE-VAE,100,0.001,0.001,1,1,1,0.0005,600,0.4,Adam
0.0,0.0,0.013975533195734432,E-CDE-VAE,100,0.001,0.001,1,1,1,0.0005,600,0.4,Adam
0.4966666666666666,0.4856349206349206,0.5105311585129695,E-CDE-VAE,100,0.001,0.001,1,1,1,0.0005,600,0.4,Adam
0.0,0.0,0.0,E-CDE-VAE,100,0.001,0.001,1,1,1,0.0005,600,0.4,Adam
0.4966666666666666,0.4856349206349206,0.5105311585129695,E-CDE-VAE,100,0.001,0.001,1,1,1,0.0005,600,0.4,Adam
0.0,0.0,0.0,E-CDE-VAE,100,0.001,0.001,1,1,1,0.0005,600,0.4,Adam
0.4966666666666666,0.4856349206349206,0.5105311585129695,E-CDE-VAE,100,0.001,0.001,1,1,1,0.0005,600,0.4,Adam
0.0,0.0,0.017308866529067764,E-CDE-VAE,100,0.001,0.001,1,1,1,0.0005,600,0.4,Adam
0.0,0.0,0.0,E-CDE-VAE,100,0.001,0.001,1,1,1,0.0005,600,0.4,Adam
0.0,0.0,0.013975533195734432,E-CDE-VAE,100,0.001,0.001,1,1,1,0.0005,600,0.4,Adam
0.0,0.0,0.0,E-CDE-VAE,100,0.001,0.001,1,1,1,0.0005,600,0.4,Adam
0.0,0.0,0.0,E-CDE-VAE,100,0.001,0.001,1,1,1,0.0005,600,0.4,Adam
0.0,0.0,0.013975533195734432,E-CDE-VAE,100,0.001,0.001,1,1,1,0.0005,600,0.4,Adam
0.0,0.0,0.0,E-CDE-VAE,100,0.001,0.001,1,1,1,0.0005,600,0.4,Adam
0.0,0.0,0.0,E-CDE-VAE,100,0.001,0.001,1,1,1,0.0005,600,0.4,Adam
0.0,0.0,0.013975533195734432,E-CDE-VAE,100,0.001,0.001,1,1,1,0.0005,600,0.4,Adam
0.0,0.0,0.0,E-CDE-VAE,100,0.001,0.001,1,1,1,0.0005,600,0.4,Adam
0.0,0.0,0.0,E-CDE-VAE,100,0.001,0.001,1,1,1,0.0005,600,0.4,Adam
0.0,0.0,0.0,E-CDE-VAE,100,0.001,0.001,1,1,1,0.0005,600,0.4,Adam
0.0,0.0,0.0,E-CDE-VAE,100,0.001,0.001,1,1,1,0.0005,600,0.4,Adam
0.0,0.0,0.0,E-CDE-VAE,100,0.001,0.001,1,1,1,0.0005,600,0.4,Adam
0.0,0.0,0.013975533195734432,E-CDE-VAE,100,0.001,0.001,1,1,1,0.0005,600,0.4,Adam
0.0,0.0,0.0,E-CDE-VAE,100,0.001,0.001,1,1,1,0.0005,600,0.4,Adam
0.0,0.0,0.0,E-CDE-VAE,100,0.001,0.001,1,1,1,0.0005,600,0.4,Adam
0.0,0.0,0.0,E-CDE-VAE,100,0.001,0.001,1,1,1,0.0005,600,0.4,Adam
0.4966666666666666,0.4856349206349206,0.5105311585129695,E-CDE-VAE,100,0.001,0.001,1,1,1,0.0005,600,0.4,Adam
0.0,0.0,0.017308866529067764,E-CDE-VAE,100,0.001,0.001,1,1,1,0.0005,600,0.4,Adam
0.0,0.0,0.0,E-CDE-VAE,100,0.001,0.001,1,1,1,0.0005,600,0.4,Adam
0.4966666666666666,0.4856349206349206,0.5105311585129695,E-CDE-VAE,100,0.001,0.001,1,1,1,0.0005,600,0.4,Adam
0.0,0.0,0.017308866529067764,E-CDE-VAE,100,0.001,0.001,1,1,1,0.0005,600,0.4,Adam
0.0,0.0,0.0,E-CDE-VAE,100,0.001,0.001,1,1,1,0.0005,600,0.4,Adam
0.0,0.0,0.0,E-CDE-VAE,100,0.001,0.001,1,1,1,0.0005,600,0.4,Adam
0.4966666666666666,0.4856349206349206,0.5105311585129695,E-CDE-VAE,100,0.001,0.001,1,1,1,0.0005,600,0.4,Adam
0.4966666666666666,0.4856349206349206,0.5105311585129695,E-CDE-VAE,100,0.001,0.001,1,1,1,0.0005,600,0.4,Adam
0.0,0.0,0.0,E-CDE-VAE,100,0.001,0.001,1,1,1,0.0005,600,0.4,Adam
0.09,0.15746031746031747,0.15958283224343595,E-CDE-VAE,100,0.001,0.001,1,1,1,0.0005,600,0.4,Adam
0.4966666666666666,0.4856349206349206,0.5105311585129695,E-CDE-VAE,100,0.001,0.001,1,1,1,0.0005,600,0.4,Adam
0.09,0.15746031746031747,0.15958283224343595,E-CDE-VAE,100,0.001,0.001,1,1,1,0.0005,600,0.4,Adam
0.0,0.0,0.0,E-CDE-VAE,100,0.001,0.001,1,1,1,0.0005,600,0.4,Adam
0.0,0.0,0.0,E-CDE-VAE,100,0.001,0.001,1,1,1,0.0005,600,0.4,Adam
0.09,0.15746031746031747,0.15958283224343595,E-CDE-VAE,100,0.001,0.001,1,1,1,0.0005,600,0.4,Adam
0.0,0.0,0.0,E-CDE-VAE,100,0.001,0.001,1,1,1,0.0005,600,0.4,Adam
0.09,0.15746031746031747,0.15958283224343595,E-CDE-VAE,100,0.001,0.001,1,1,1,0.0005,600,0.4,Adam
0.0,0.0,0.017308866529067764,E-CDE-VAE,100,0.001,0.001,1,1,1,0.0005,600,0.4,Adam
0.0,0.0,0.0,E-CDE-VAE,100,0.001,0.001,1,1,1,0.0005,600,0.4,Adam
0.4966666666666666,0.4856349206349206,0.5105311585129695,E-CDE-VAE,100,0.001,0.001,1,1,1,0.0005,600,0.4,Adam
0.09,0.15746031746031747,0.15958283224343595,E-CDE-VAE,100,0.001,0.001,1,1,1,0.0005,600,0.4,Adam
0.0,0.0,0.0,E-CDE-VAE,100,0.001,0.001,1,1,1,0.0005,600,0.4,Adam
0.0,0.0,0.0,E-CDE-VAE,100,0.001,0.001,1,1,1,0.0005,600,0.4,Adam
0.0,0.0,0.017308866529067764,E-CDE-VAE,100,0.001,0.001,1,1,1,0.0005,600,0.4,Adam
0.0,0.0,0.0,E-CDE-VAE,100,0.001,0.001,1,1,1,0.0005,600,0.4,Adam
0.4966666666666666,0.4856349206349206,0.5105311585129695,E-CDE-VAE,100,0.001,0.001,1,1,1,0.0005,600,0.4,Adam
0.0,0.0,0.0,E-CDE-VAE,100,0.001,0.001,1,1,1,0.0005,600,0.4,Adam
0.0,0.0,0.0,E-CDE-VAE,100,0.001,0.001,1,1,1,0.0005,600,0.4,Adam
0.0,0.0,0.0,E-CDE-VAE,100,0.001,0.001,1,1,1,0.0005,600,0.4,Adam
0.0,0.0,0.0,E-CDE-VAE,100,0.001,0.001,1,1,1,0.0005,600,0.4,Adam
0.0,0.0,0.0,E-CDE-VAE,100,0.001,0.001,1,1,1,0.0005,600,0.4,Adam
0.0,0.0,0.0,E-CDE-VAE,100,0.001,0.001,1,1,1,0.0005,600,0.4,Adam
0.0,0.0,0.0,E-CDE-VAE,100,0.001,0.001,1,1,1,0.0005,600,0.4,Adam
0.09,0.15746031746031747,0.15958283224343595,E-CDE-VAE,100,0.001,0.001,1,1,1,0.0005,600,0.4,Adam
0.0,0.0,0.0,E-CDE-VAE,100,0.001,0.001,1,1,1,0.0005,600,0.4,Adam
0.0,0.0,0.0,E-CDE-VAE,100,0.001,0.001,1,1,1,0.0005,600,0.4,Adam
0.0,0.0,0.0,E-CDE-VAE,100,0.001,0.001,1,1,1,0.0005,600,0.4,Adam
0.0,0.0,0.0,E-CDE-VAE,100,0.001,0.001,1,1,1,0.0005,600,0.4,Adam
0.09,0.15746031746031747,0.15958283224343595,E-CDE-VAE,100,0.001,0.001,1,1,1,0.0005,600,0.4,Adam
0.0,0.0,0.0,E-CDE-VAE,100,0.001,0.001,1,1,1,0.0005,600,0.4,Adam
0.0,0.0,0.013975533195734432,E-CDE-VAE,100,0.001,0.001,1,1,1,0.0005,600,0.4,Adam
0.0,0.0,0.0,E-CDE-VAE,100,0.001,0.001,1,1,1,0.0005,600,0.4,Adam
0.0,0.0,0.0,E-CDE-VAE,100,0.001,0.001,1,1,1,0.0005,600,0.4,Adam
0.0,0.0,0.017308866529067764,E-CDE-VAE,100,0.001,0.001,1,1,1,0.0005,600,0.4,Adam
0.0,0.0,0.013975533195734432,E-CDE-VAE,100,0.001,0.001,1,1,1,0.0005,600,0.4,Adam
0.0,0.0,0.017308866529067764,E-CDE-VAE,100,0.001,0.001,1,1,1,0.0005,600,0.4,Adam
0.4966666666666666,0.4856349206349206,0.5105311585129695,E-CDE-VAE,100,0.001,0.001,1,1,1,0.0005,600,0.4,Adam
0.0,0.0,0.0,E-CDE-VAE,100,0.001,0.001,1,1,1,0.0005,600,0.4,Adam
0.4966666666666666,0.4856349206349206,0.5105311585129695,E-CDE-VAE,100,0.001,0.001,1,1,1,0.0005,600,0.4,Adam
0.0,0.0,0.0,E-CDE-VAE,100,0.001,0.001,1,1,1,0.0005,600,0.4,Adam
0.09,0.15746031746031747,0.15958283224343595,E-CDE-VAE,100,0.001,0.001,1,1,1,0.0005,600,0.4,Adam
0.0,0.0,0.0,E-CDE-VAE,100,0.001,0.001,1,1,1,0.0005,600,0.4,Adam
0.0,0.0,0.0,E-CDE-VAE,100,0.001,0.001,1,1,1,0.0005,600,0.4,Adam
0.0,0.0,0.0,E-CDE-VAE,100,0.001,0.001,1,1,1,0.0005,600,0.4,Adam
0.09,0.15746031746031747,0.15958283224343595,E-CDE-VAE,100,0.001,0.001,1,1,1,0.0005,600,0.4,Adam
0.0,0.0,0.0,E-CDE-VAE,100,0.001,0.001,1,1,1,0.0005,600,0.4,Adam
0.0,0.0,0.0,E-CDE-VAE,100,0.001,0.001,1,1,1,0.0005,600,0.4,Adam
0.0,0.0,0.0,E-CDE-VAE,100,0.001,0.001,1,1,1,0.0005,600,0.4,Adam
0.0,0.0,0.0,E-CDE-VAE,100,0.001,0.001,1,1,1,0.0005,600,0.4,Adam
0.0,0.0,0.013975533195734432,E-CDE-VAE,100,0.001,0.001,1,1,1,0.0005,600,0.4,Adam
0.0,0.0,0.0,E-CDE-VAE,100,0.001,0.001,1,1,1,0.0005,600,0.4,Adam
0.0,0.0,0.013975533195734432,E-CDE-VAE,100,0.001,0.001,1,1,1,0.0005,600,0.4,Adam
0.0,0.0,0.0,E-CDE-VAE,100,0.001,0.001,1,1,1,0.0005,600,0.4,Adam
0.0,0.0,0.0,E-CDE-VAE,100,0.001,0.001,1,1,1,0.0005,600,0.4,Adam
0.0,0.0,0.017308866529067764,E-CDE-VAE,100,0.001,0.001,1,1,1,0.0005,600,0.4,Adam
0.4966666666666666,0.4856349206349206,0.5105311585129695,E-CDE-VAE,100,0.001,0.001,1,1,1,0.0005,600,0.4,Adam
0.09,0.15746031746031747,0.15958283224343595,E-CDE-VAE,100,0.001,0.001,1,1,1,0.0005,600,0.4,Adam
0.0,0.0,0.0,E-CDE-VAE,100,0.001,0.001,1,1,1,0.0005,600,0.4,Adam
0.0,0.0,0.0,E-CDE-VAE,100,0.001,0.001,1,1,1,0.0005,600,0.4,Adam
0.0,0.0,0.0,E-CDE-VAE,100,0.001,0.001,1,1,1,0.0005,600,0.4,Adam
0.0,0.0,0.017308866529067764,E-CDE-VAE,100,0.001,0.001,1,1,1,0.0005,600,0.4,Adam
0.09,0.15746031746031747,0.15958283224343595,E-CDE-VAE,100,0.001,0.001,1,1,1,0.0005,600,0.4,Adam
0.0,0.0,0.0,E-CDE-VAE,100,0.001,0.001,1,1,1,0.0005,600,0.4,Adam
0.0,0.0,0.0,E-CDE-VAE,100,0.001,0.001,1,1,1,0.0005,600,0.4,Adam
0.0,0.0,0.0,E-CDE-VAE,100,0.001,0.001,1,1,1,0.0005,600,0.4,Adam
0.4966666666666666,0.4856349206349206,0.5105311585129695,E-CDE-VAE,100,0.001,0.001,1,1,1,0.0005,600,0.4,Adam
0.0,0.0,0.0,E-CDE-VAE,100,0.001,0.001,1,1,1,0.0005,600,0.4,Adam
0.0,0.0,0.0,E-CDE-VAE,100,0.001,0.001,1,1,1,0.0005,600,0.4,Adam
0.0,0.0,0.0,E-CDE-VAE,100,0.001,0.001,1,1,1,0.0005,600,0.4,Adam
0.0,0.0,0.0,E-CDE-VAE,100,0.001,0.001,1,1,1,0.0005,600,0.4,Adam
0.0,0.0,0.017308866529067764,E-CDE-VAE,100,0.001,0.001,1,1,1,0.0005,600,0.4,Adam
0.0,0.0,0.0,E-CDE-VAE,100,0.001,0.001,1,1,1,0.0005,600,0.4,Adam
0.4966666666666666,0.4856349206349206,0.5105311585129695,E-CDE-VAE,100,0.001,0.001,1,1,1,0.0005,600,0.4,Adam
0.0,0.0,0.0,E-CDE-VAE,100,0.001,0.001,1,1,1,0.0005,600,0.4,Adam
0.0,0.0,0.0,E-CDE-VAE,100,0.001,0.001,1,1,1,0.0005,600,0.4,Adam
0.0,0.0,0.0,E-CDE-VAE,100,0.001,0.001,1,1,1,0.0005,600,0.4,Adam
0.09,0.15746031746031747,0.15958283224343595,E-CDE-VAE,100,0.001,0.001,1,1,1,0.0005,600,0.4,Adam
0.0,0.0,0.0,E-CDE-VAE,100,0.001,0.001,1,1,1,0.0005,600,0.4,Adam
0.0,0.0,0.0,E-CDE-VAE,100,0.001,0.001,1,1,1,0.0005,600,0.4,Adam
0.09,0.15746031746031747,0.15958283224343595,E-CDE-VAE,100,0.001,0.001,1,1,1,0.0005,600,0.4,Adam
0.0,0.0,0.0,E-CDE-VAE,100,0.001,0.001,1,1,1,0.0005,600,0.4,Adam
0.09,0.15746031746031747,0.15958283224343595,E-CDE-VAE,100,0.001,0.001,1,1,1,0.0005,600,0.4,Adam
0.0,0.0,0.0,E-CDE-VAE,100,0.001,0.001,1,1,1,0.0005,600,0.4,Adam
0.0,0.0,0.013975533195734432,E-CDE-VAE,100,0.001,0.001,1,1,1,0.0005,600,0.4,Adam
0.0,0.0,0.0,E-CDE-VAE,100,0.001,0.001,1,1,1,0.0005,600,0.4,Adam
0.0,0.0,0.0,E-CDE-VAE,100,0.001,0.001,1,1,1,0.0005,600,0.4,Adam
0.0,0.0,0.0,E-CDE-VAE,100,0.001,0.001,1,1,1,0.0005,600,0.4,Adam
0.0,0.0,0.0,E-CDE-VAE,100,0.001,0.001,1,1,1,0.0005,600,0.4,Adam
0.0,0.0,0.013975533195734432,E-CDE-VAE,100,0.001,0.001,1,1,1,0.0005,600,0.4,Adam
0.0,0.0,0.0,E-CDE-VAE,100,0.001,0.001,1,1,1,0.0005,600,0.4,Adam
0.09,0.15746031746031747,0.15958283224343595,E-CDE-VAE,100,0.001,0.001,1,1,1,0.0005,600,0.4,Adam
0.0,0.0,0.0,E-CDE-VAE,100,0.001,0.001,1,1,1,0.0005,600,0.4,Adam
0.0,0.0,0.0,E-CDE-VAE,100,0.001,0.001,1,1,1,0.0005,600,0.4,Adam
0.09,0.15746031746031747,0.15958283224343595,E-CDE-VAE,100,0.001,0.001,1,1,1,0.0005,600,0.4,Adam
0.0,0.0,0.0,E-CDE-VAE,100,0.001,0.001,1,1,1,0.0005,600,0.4,Adam
0.0,0.0,0.017308866529067764,E-CDE-VAE,100,0.001,0.001,1,1,1,0.0005,600,0.4,Adam
0.09,0.15746031746031747,0.15958283224343595,E-CDE-VAE,100,0.001,0.001,1,1,1,0.0005,600,0.4,Adam
0.0,0.0,0.013975533195734432,E-CDE-VAE,100,0.001,0.001,1,1,1,0.0005,600,0.4,Adam
0.4966666666666666,0.4856349206349206,0.5105311585129695,E-CDE-VAE,100,0.001,0.001,1,1,1,0.0005,600,0.4,Adam
0.09,0.15746031746031747,0.15958283224343595,E-CDE-VAE,100,0.001,0.001,1,1,1,0.0005,600,0.4,Adam
0.0,0.0,0.0,E-CDE-VAE,100,0.001,0.001,1,1,1,0.0005,600,0.4,Adam
0.0,0.0,0.0,E-CDE-VAE,100,0.001,0.001,1,1,1,0.0005,600,0.4,Adam
0.0,0.0,0.0,E-CDE-VAE,100,0.001,0.001,1,1,1,0.0005,600,0.4,Adam
0.0,0.0,0.0,E-CDE-VAE,100,0.001,0.001,1,1,1,0.0005,600,0.4,Adam
0.0,0.0,0.0,E-CDE-VAE,100,0.001,0.001,1,1,1,0.0005,600,0.4,Adam
0.09,0.15746031746031747,0.15958283224343595,E-CDE-VAE,100,0.001,0.001,1,1,1,0.0005,600,0.4,Adam
0.0,0.0,0.0,E-CDE-VAE,100,0.001,0.001,1,1,1,0.0005,600,0.4,Adam
0.0,0.0,0.0,E-CDE-VAE,100,0.01,0.001,1,1,1,0.0005,600,0.4,Adam
0.0,0.0,0.0,E-CDE-VAE,100,0.01,0.001,1,1,1,0.0005,600,0.4,Adam
0.4966666666666666,0.4856349206349206,0.5105311585129695,E-CDE-VAE,100,0.01,0.001,1,1,1,0.0005,600,0.4,Adam
0.4966666666666666,0.4856349206349206,0.5105311585129695,E-CDE-VAE,100,0.01,0.001,1,1,1,0.0005,600,0.4,Adam
0.0,0.0,0.017308866529067764,E-CDE-VAE,100,0.01,0.001,1,1,1,0.0005,600,0.4,Adam
0.0,0.0,0.0,E-CDE-VAE,100,0.01,0.001,1,1,1,0.0005,600,0.4,Adam
0.0,0.0,0.0,E-CDE-VAE,100,0.01,0.001,1,1,1,0.0005,600,0.4,Adam
0.0,0.0,0.0,E-CDE-VAE,100,0.01,0.001,1,1,1,0.0005,600,0.4,Adam
0.0,0.0,0.0,E-CDE-VAE,100,0.01,0.001,1,1,1,0.0005,600,0.4,Adam
0.09,0.15746031746031747,0.15958283224343595,E-CDE-VAE,100,0.01,0.001,1,1,1,0.0005,600,0.4,Adam
0.0,0.0,0.017308866529067764,E-CDE-VAE,100,0.01,0.001,1,1,1,0.0005,600,0.4,Adam
0.09,0.15746031746031747,0.15958283224343595,E-CDE-VAE,100,0.01,0.001,1,1,1,0.0005,600,0.4,Adam
0.0,0.0,0.0,E-CDE-VAE,100,0.01,0.001,1,1,1,0.0005,600,0.4,Adam
0.09,0.15746031746031747,0.15958283224343595,E-CDE-VAE,100,0.01,0.001,1,1,1,0.0005,600,0.4,Adam
0.0,0.0,0.017308866529067764,E-CDE-VAE,100,0.01,0.001,1,1,1,0.0005,600,0.4,Adam
0.0,0.0,0.017308866529067764,E-CDE-VAE,100,0.01,0.001,1,1,1,0.0005,600,0.4,Adam
0.0,0.0,0.0,E-CDE-VAE,100,0.01,0.001,1,1,1,0.0005,600,0.4,Adam
0.0,0.0,0.0,E-CDE-VAE,100,0.01,0.001,1,1,1,0.0005,600,0.4,Adam
0.0,0.0,0.0,E-CDE-VAE,100,0.01,0.001,1,1,1,0.0005,600,0.4,Adam
0.09,0.15746031746031747,0.15958283224343595,E-CDE-VAE,100,0.01,0.001,1,1,1,0.0005,600,0.4,Adam
0.4966666666666666,0.4856349206349206,0.5105311585129695,E-CDE-VAE,100,0.01,0.001,1,1,1,0.0005,600,0.4,Adam
0.0,0.0,0.0,E-CDE-VAE,100,0.01,0.001,1,1,1,0.0005,600,0.4,Adam
0.0,0.0,0.0,E-CDE-VAE,100,0.01,0.001,1,1,1,0.0005,600,0.4,Adam
0.4966666666666666,0.4856349206349206,0.5105311585129695,E-CDE-VAE,100,0.01,0.001,1,1,1,0.0005,600,0.4,Adam
0.09,0.15746031746031747,0.15958283224343595,E-CDE-VAE,100,0.01,0.001,1,1,1,0.0005,600,0.4,Adam
0.09,0.15746031746031747,0.15958283224343595,E-CDE-VAE,100,0.01,0.001,1,1,1,0.0005,600,0.4,Adam
0.0,0.0,0.0,E-CDE-VAE,100,0.01,0.001,1,1,1,0.0005,600,0.4,Adam
0.09,0.15746031746031747,0.15958283224343595,E-CDE-VAE,100,0.01,0.001,1,1,1,0.0005,600,0.4,Adam
0.4966666666666666,0.4856349206349206,0.5105311585129695,E-CDE-VAE,100,0.01,0.001,1,1,1,0.0005,600,0.4,Adam
0.0,0.0,0.0,E-CDE-VAE,100,0.01,0.001,1,1,1,0.0005,600,0.4,Adam
0.0,0.0,0.0,E-CDE-VAE,100,0.01,0.001,1,1,1,0.0005,600,0.4,Adam
0.0,0.0,0.0,E-CDE-VAE,100,0.01,0.001,1,1,1,0.0005,600,0.4,Adam
0.0,0.0,0.0,E-CDE-VAE,100,0.01,0.001,1,1,1,0.0005,600,0.4,Adam
0.0,0.0,0.0,E-CDE-VAE,100,0.01,0.001,1,1,1,0.0005,600,0.4,Adam
0.0,0.0,0.017308866529067764,E-CDE-VAE,100,0.01,0.001,1,1,1,0.0005,600,0.4,Adam
0.0,0.0,0.017308866529067764,E-CDE-VAE,100,0.01,0.001,1,1,1,0.0005,600,0.4,Adam
0.0,0.0,0.017308866529067764,E-CDE-VAE,100,0.01,0.001,1,1,1,0.0005,600,0.4,Adam
0.0,0.0,0.013975533195734432,E-CDE-VAE,100,0.01,0.001,1,1,1,0.0005,600,0.4,Adam
0.0,0.0,0.0,E-CDE-VAE,100,0.01,0.001,1,1,1,0.0005,600,0.4,Adam
0.0,0.0,0.0,E-CDE-VAE,100,0.01,0.001,1,1,1,0.0005,600,0.4,Adam
0.0,0.0,0.0,E-CDE-VAE,100,0.01,0.001,1,1,1,0.0005,600,0.4,Adam
0.0,0.0,0.0,E-CDE-VAE,100,0.01,0.001,1,1,1,0.0005,600,0.4,Adam
0.0,0.0,0.0,E-CDE-VAE,100,0.01,0.001,1,1,1,0.0005,600,0.4,Adam
0.0,0.0,0.0,E-CDE-VAE,100,0.01,0.001,1,1,1,0.0005,600,0.4,Adam
0.0,0.0,0.0,E-CDE-VAE,100,0.01,0.001,1,1,1,0.0005,600,0.4,Adam
0.0,0.0,0.0,E-CDE-VAE,100,0.01,0.001,1,1,1,0.0005,600,0.4,Adam
0.0,0.0,0.0,E-CDE-VAE,100,0.01,0.001,1,1,1,0.0005,600,0.4,Adam
0.0,0.0,0.0,E-CDE-VAE,100,0.01,0.001,1,1,1,0.0005,600,0.4,Adam
0.0,0.0,0.0,E-CDE-VAE,100,0.01,0.001,1,1,1,0.0005,600,0.4,Adam
0.0,0.0,0.013975533195734432,E-CDE-VAE,100,0.01,0.001,1,1,1,0.0005,600,0.4,Adam
0.0,0.0,0.0,E-CDE-VAE,100,0.01,0.001,1,1,1,0.0005,600,0.4,Adam
0.0,0.0,0.0,E-CDE-VAE,100,0.01,0.001,1,1,1,0.0005,600,0.4,Adam
0.4966666666666666,0.4856349206349206,0.5105311585129695,E-CDE-VAE,100,0.01,0.001,1,1,1,0.0005,600,0.4,Adam
0.0,0.0,0.017308866529067764,E-CDE-VAE,100,0.01,0.001,1,1,1,0.0005,600,0.4,Adam
0.0,0.0,0.0,E-CDE-VAE,100,0.01,0.001,1,1,1,0.0005,600,0.4,Adam
0.4966666666666666,0.4856349206349206,0.5105311585129695,E-CDE-VAE,100,0.01,0.001,1,1,1,0.0005,600,0.4,Adam
0.4966666666666666,0.4856349206349206,0.5105311585129695,E-CDE-VAE,100,0.01,0.001,1,1,1,0.0005,600,0.4,Adam
0.0,0.0,0.0,E-CDE-VAE,100,0.01,0.001,1,1,1,0.0005,600,0.4,Adam
0.0,0.0,0.0,E-CDE-VAE,100,0.01,0.001,1,1,1,0.0005,600,0.4,Adam
0.0,0.0,0.0,E-CDE-VAE,100,0.01,0.001,1,1,1,0.0005,600,0.4,Adam
0.0,0.0,0.017308866529067764,E-CDE-VAE,100,0.01,0.001,1,1,1,0.0005,600,0.4,Adam
0.0,0.0,0.013975533195734432,E-CDE-VAE,100,0.01,0.001,1,1,1,0.0005,600,0.4,Adam
0.0,0.0,0.0,E-CDE-VAE,100,0.01,0.001,1,1,1,0.0005,600,0.4,Adam
0.0,0.0,0.0,E-CDE-VAE,100,0.01,0.001,1,1,1,0.0005,600,0.4,Adam
0.4966666666666666,0.4856349206349206,0.5105311585129695,E-CDE-VAE,100,0.01,0.001,1,1,1,0.0005,600,0.4,Adam
0.09,0.15746031746031747,0.15958283224343595,E-CDE-VAE,100,0.01,0.001,1,1,1,0.0005,600,0.4,Adam
0.0,0.0,0.0,E-CDE-VAE,100,0.01,0.001,1,1,1,0.0005,600,0.4,Adam
0.0,0.0,0.0,E-CDE-VAE,100,0.01,0.001,1,1,1,0.0005,600,0.4,Adam
0.0,0.0,0.0,E-CDE-VAE,100,0.01,0.001,1,1,1,0.0005,600,0.4,Adam
0.0,0.0,0.017308866529067764,E-CDE-VAE,100,0.01,0.001,1,1,1,0.0005,600,0.4,Adam
0.0,0.0,0.0,E-CDE-VAE,100,0.01,0.001,1,1,1,0.0005,600,0.4,Adam
0.0,0.0,0.013975533195734432,E-CDE-VAE,100,0.01,0.001,1,1,1,0.0005,600,0.4,Adam
0.0,0.0,0.0,E-CDE-VAE,100,0.01,0.001,1,1,1,0.0005,600,0.4,Adam
0.0,0.0,0.0,E-CDE-VAE,100,0.01,0.001,1,1,1,0.0005,600,0.4,Adam
0.0,0.0,0.0,E-CDE-VAE,100,0.01,0.001,1,1,1,0.0005,600,0.4,Adam
0.0,0.0,0.0,E-CDE-VAE,100,0.01,0.001,1,1,1,0.0005,600,0.4,Adam
0.09,0.15746031746031747,0.15958283224343595,E-CDE-VAE,100,0.01,0.001,1,1,1,0.0005,600,0.4,Adam
0.09,0.15746031746031747,0.15958283224343595,E-CDE-VAE,100,0.01,0.001,1,1,1,0.0005,600,0.4,Adam
0.4966666666666666,0.4856349206349206,0.5105311585129695,E-CDE-VAE,100,0.01,0.001,1,1,1,0.0005,600,0.4,Adam
0.0,0.0,0.0,E-CDE-VAE,100,0.01,0.001,1,1,1,0.0005,600,0.4,Adam
0.0,0.0,0.0,E-CDE-VAE,100,0.01,0.001,1,1,1,0.0005,600,0.4,Adam
0.4966666666666666,0.4856349206349206,0.5105311585129695,E-CDE-VAE,100,0.01,0.001,1,1,1,0.0005,600,0.4,Adam
0.0,0.0,0.0,E-CDE-VAE,100,0.01,0.001,1,1,1,0.0005,600,0.4,Adam
0.4966666666666666,0.4856349206349206,0.5105311585129695,E-CDE-VAE,100,0.01,0.001,1,1,1,0.0005,600,0.4,Adam
0.0,0.0,0.0,E-CDE-VAE,100,0.01,0.001,1,1,1,0.0005,600,0.4,Adam
0.0,0.0,0.0,E-CDE-VAE,100,0.01,0.001,1,1,1,0.0005,600,0.4,Adam
0.0,0.0,0.013975533195734432,E-CDE-VAE,100,0.01,0.001,1,1,1,0.0005,600,0.4,Adam
0.0,0.0,0.0,E-CDE-VAE,100,0.01,0.001,1,1,1,0.0005,600,0.4,Adam
0.0,0.0,0.0,E-CDE-VAE,100,0.01,0.001,1,1,1,0.0005,600,0.4,Adam
0.0,0.0,0.0,E-CDE-VAE,100,0.01,0.001,1,1,1,0.0005,600,0.4,Adam
0.0,0.0,0.0,E-CDE-VAE,100,0.01,0.001,1,1,1,0.0005,600,0.4,Adam
0.0,0.0,0.0,E-CDE-VAE,100,0.01,0.001,1,1,1,0.0005,600,0.4,Adam
0.09,0.15746031746031747,0.15958283224343595,E-CDE-VAE,100,0.01,0.001,1,1,1,0.0005,600,0.4,Adam
0.0,0.0,0.0,E-CDE-VAE,100,0.01,0.001,1,1,1,0.0005,600,0.4,Adam
0.0,0.0,0.0,E-CDE-VAE,100,0.01,0.001,1,1,1,0.0005,600,0.4,Adam
0.0,0.0,0.0,E-CDE-VAE,100,0.01,0.001,1,1,1,0.0005,600,0.4,Adam
0.0,0.0,0.0,E-CDE-VAE,100,0.01,0.001,1,1,1,0.0005,600,0.4,Adam
0.0,0.0,0.0,E-CDE-VAE,100,0.01,0.001,1,1,1,0.0005,600,0.4,Adam
0.0,0.0,0.013975533195734432,E-CDE-VAE,100,0.01,0.001,1,1,1,0.0005,600,0.4,Adam
0.0,0.0,0.0,E-CDE-VAE,100,0.01,0.001,1,1,1,0.0005,600,0.4,Adam
0.0,0.0,0.0,E-CDE-VAE,100,0.01,0.001,1,1,1,0.0005,600,0.4,Adam
0.0,0.0,0.0,E-CDE-VAE,100,0.01,0.001,1,1,1,0.0005,600,0.4,Adam
0.0,0.0,0.0,E-CDE-VAE,100,0.01,0.001,1,1,1,0.0005,600,0.4,Adam
0.09,0.15746031746031747,0.15958283224343595,E-CDE-VAE,100,0.01,0.001,1,1,1,0.0005,600,0.4,Adam
0.0,0.0,0.013975533195734432,E-CDE-VAE,100,0.01,0.001,1,1,1,0.0005,600,0.4,Adam
0.0,0.0,0.0,E-CDE-VAE,100,0.01,0.001,1,1,1,0.0005,600,0.4,Adam
0.09,0.15746031746031747,0.15958283224343595,E-CDE-VAE,100,0.01,0.001,1,1,1,0.0005,600,0.4,Adam
0.0,0.0,0.017308866529067764,E-CDE-VAE,100,0.01,0.001,1,1,1,0.0005,600,0.4,Adam
0.0,0.0,0.017308866529067764,E-CDE-VAE,100,0.01,0.001,1,1,1,0.0005,600,0.4,Adam
0.4966666666666666,0.4856349206349206,0.5105311585129695,E-CDE-VAE,100,0.01,0.001,1,1,1,0.0005,600,0.4,Adam
0.0,0.0,0.0,E-CDE-VAE,100,0.01,0.001,1,1,1,0.0005,600,0.4,Adam
0.4966666666666666,0.4856349206349206,0.5105311585129695,E-CDE-VAE,100,0.01,0.001,1,1,1,0.0005,600,0.4,Adam
0.0,0.0,0.0,E-CDE-VAE,100,0.01,0.001,1,1,1,0.0005,600,0.4,Adam
0.0,0.0,0.0,E-CDE-VAE,100,0.01,0.001,1,1,1,0.0005,600,0.4,Adam
0.0,0.0,0.017308866529067764,E-CDE-VAE,100,0.01,0.001,1,1,1,0.0005,600,0.4,Adam
0.09,0.15746031746031747,0.15958283224343595,E-CDE-VAE,100,0.01,0.001,1,1,1,0.0005,600,0.4,Adam
0.4966666666666666,0.4856349206349206,0.5105311585129695,E-CDE-VAE,100,0.01,0.001,1,1,1,0.0005,600,0.4,Adam
0.09,0.15746031746031747,0.15958283224343595,E-CDE-VAE,100,0.01,0.001,1,1,1,0.0005,600,0.4,Adam
0.0,0.0,0.0,E-CDE-VAE,100,0.01,0.001,1,1,1,0.0005,600,0.4,Adam
0.0,0.0,0.0,E-CDE-VAE,100,0.01,0.001,1,1,1,0.0005,600,0.4,Adam
0.0,0.0,0.0,E-CDE-VAE,100,0.01,0.001,1,1,1,0.0005,600,0.4,Adam
0.0,0.0,0.0,E-CDE-VAE,100,0.01,0.001,1,1,1,0.0005,600,0.4,Adam
0.0,0.0,0.0,E-CDE-VAE,100,0.01,0.001,1,1,1,0.0005,600,0.4,Adam
0.0,0.0,0.0,E-CDE-VAE,100,0.01,0.001,1,1,1,0.0005,600,0.4,Adam
0.0,0.0,0.0,E-CDE-VAE,100,0.01,0.001,1,1,1,0.0005,600,0.4,Adam
0.0,0.0,0.0,E-CDE-VAE,100,0.01,0.001,1,1,1,0.0005,600,0.4,Adam
0.09,0.15746031746031747,0.15958283224343595,E-CDE-VAE,100,0.01,0.001,1,1,1,0.0005,600,0.4,Adam
0.09,0.15746031746031747,0.15958283224343595,E-CDE-VAE,100,0.01,0.001,1,1,1,0.0005,600,0.4,Adam
0.0,0.0,0.0,E-CDE-VAE,100,0.01,0.001,1,1,1,0.0005,600,0.4,Adam
0.0,0.0,0.0,E-CDE-VAE,100,0.01,0.001,1,1,1,0.0005,600,0.4,Adam
0.09,0.15746031746031747,0.15958283224343595,E-CDE-VAE,100,0.01,0.001,1,1,1,0.0005,600,0.4,Adam
0.0,0.0,0.017308866529067764,E-CDE-VAE,100,0.01,0.001,1,1,1,0.0005,600,0.4,Adam
0.0,0.0,0.017308866529067764,E-CDE-VAE,100,0.01,0.001,1,1,1,0.0005,600,0.4,Adam
0.0,0.0,0.0,E-CDE-VAE,100,0.01,0.001,1,1,1,0.0005,600,0.4,Adam
0.4966666666666666,0.4856349206349206,0.5105311585129695,E-CDE-VAE,100,0.01,0.001,1,1,1,0.0005,600,0.4,Adam
0.0,0.0,0.0,E-CDE-VAE,100,0.01,0.001,1,1,1,0.0005,600,0.4,Adam
0.0,0.0,0.0,E-CDE-VAE,100,0.01,0.001,1,1,1,0.0005,600,0.4,Adam
0.0,0.0,0.017308866529067764,E-CDE-VAE,100,0.01,0.001,1,1,1,0.0005,600,0.4,Adam
0.4966666666666666,0.4856349206349206,0.5105311585129695,E-CDE-VAE,100,0.01,0.001,1,1,1,0.0005,600,0.4,Adam
0.0,0.0,0.0,E-CDE-VAE,100,0.01,0.001,1,1,1,0.0005,600,0.4,Adam
0.4966666666666666,0.4856349206349206,0.5105311585129695,E-CDE-VAE,100,0.01,0.001,1,1,1,0.0005,600,0.4,Adam
0.0,0.0,0.017308866529067764,E-CDE-VAE,100,0.01,0.001,1,1,1,0.0005,600,0.4,Adam
0.09,0.15746031746031747,0.15958283224343595,E-CDE-VAE,100,0.01,0.001,1,1,1,0.0005,600,0.4,Adam
0.0,0.0,0.0,E-CDE-VAE,100,0.01,0.001,1,1,1,0.0005,600,0.4,Adam
0.0,0.0,0.0,E-CDE-VAE,100,0.01,0.001,1,1,1,0.0005,600,0.4,Adam
0.0,0.0,0.013975533195734432,E-CDE-VAE,100,0.01,0.001,1,1,1,0.0005,600,0.4,Adam
0.0,0.0,0.0,E-CDE-VAE,100,0.01,0.001,1,1,1,0.0005,600,0.4,Adam
0.09,0.15746031746031747,0.15958283224343595,E-CDE-VAE,100,0.01,0.001,1,1,1,0.0005,600,0.4,Adam
0.0,0.0,0.0,E-CDE-VAE,100,0.01,0.001,1,1,1,0.0005,600,0.4,Adam
0.09,0.15746031746031747,0.15958283224343595,E-CDE-VAE,100,0.01,0.001,1,1,1,0.0005,600,0.4,Adam
0.09,0.15746031746031747,0.15958283224343595,E-CDE-VAE,100,0.01,0.001,1,1,1,0.0005,600,0.4,Adam
0.0,0.0,0.0,E-CDE-VAE,100,0.01,0.001,1,1,1,0.0005,600,0.4,Adam
0.0,0.0,0.0,E-CDE-VAE,100,0.01,0.001,1,1,1,0.0005,600,0.4,Adam
0.0,0.0,0.017308866529067764,E-CDE-VAE,100,0.01,0.001,1,1,1,0.0005,600,0.4,Adam
0.0,0.0,0.0,E-CDE-VAE,100,0.01,0.001,1,1,1,0.0005,600,0.4,Adam
0.0,0.0,0.0,E-CDE-VAE,100,0.01,0.001,1,1,1,0.0005,600,0.4,Adam
0.0,0.0,0.0,E-CDE-VAE,100,0.01,0.001,1,1,1,0.0005,600,0.4,Adam
0.0,0.0,0.0,E-CDE-VAE,100,0.01,0.001,1,1,1,0.0005,600,0.4,Adam
0.0,0.0,0.0,E-CDE-VAE,100,0.01,0.001,1,1,1,0.0005,600,0.4,Adam
0.0,0.0,0.0,E-CDE-VAE,100,0.01,0.001,1,1,1,0.0005,600,0.4,Adam
0.0,0.0,0.0,E-CDE-VAE,100,0.01,0.001,1,1,1,0.0005,600,0.4,Adam
0.0,0.0,0.0,E-CDE-VAE,100,0.01,0.001,1,1,1,0.0005,600,0.4,Adam
0.4966666666666666,0.4856349206349206,0.5105311585129695,E-CDE-VAE,100,0.01,0.001,1,1,1,0.0005,600,0.4,Adam
0.0,0.0,0.0,E-CDE-VAE,100,0.01,0.001,1,1,1,0.0005,600,0.4,Adam
0.0,0.0,0.013975533195734432,E-CDE-VAE,100,0.01,0.001,1,1,1,0.0005,600,0.4,Adam
0.0,0.0,0.0,E-CDE-VAE,100,0.01,0.001,1,1,1,0.0005,600,0.4,Adam
0.0,0.0,0.0,E-CDE-VAE,100,0.01,0.001,1,1,1,0.0005,600,0.4,Adam
0.09,0.15746031746031747,0.15958283224343595,E-CDE-VAE,100,0.01,0.001,1,1,1,0.0005,600,0.4,Adam
0.0,0.0,0.0,E-CDE-VAE,100,0.01,0.001,1,1,1,0.0005,600,0.4,Adam
0.0,0.0,0.0,E-CDE-VAE,100,0.01,0.001,1,1,1,0.0005,600,0.4,Adam
0.0,0.0,0.017308866529067764,E-CDE-VAE,100,0.01,0.001,1,1,1,0.0005,600,0.4,Adam
0.0,0.0,0.013975533195734432,E-CDE-VAE,100,0.01,0.001,1,1,1,0.0005,600,0.4,Adam
0.0,0.0,0.0,E-CDE-VAE,100,0.01,0.001,1,1,1,0.0005,600,0.4,Adam
0.0,0.0,0.0,E-CDE-VAE,100,0.01,0.001,1,1,1,0.0005,600,0.4,Adam
0.0,0.0,0.0,E-CDE-VAE,100,0.01,0.001,1,1,1,0.0005,600,0.4,Adam
0.0,0.0,0.013975533195734432,E-CDE-VAE,100,0.01,0.001,1,1,1,0.0005,600,0.4,Adam
0.09,0.15746031746031747,0.15958283224343595,E-CDE-VAE,100,0.01,0.001,1,1,1,0.0005,600,0.4,Adam
0.09,0.15746031746031747,0.15958283224343595,E-CDE-VAE,100,0.01,0.001,1,1,1,0.0005,600,0.4,Adam
0.0,0.0,0.0,E-CDE-VAE,100,0.01,0.001,1,1,1,0.0005,600,0.4,Adam
0.0,0.0,0.0,E-CDE-VAE,100,0.01,0.001,1,1,1,0.0005,600,0.4,Adam
0.0,0.0,0.0,E-CDE-VAE,100,0.01,0.001,1,1,1,0.0005,600,0.4,Adam
0.0,0.0,0.0,E-CDE-VAE,100,0.01,0.001,1,1,1,0.0005,600,0.4,Adam
0.0,0.0,0.0,E-CDE-VAE,100,0.01,0.001,1,1,1,0.0005,600,0.4,Adam
0.0,0.0,0.0,E-CDE-VAE,100,0.01,0.001,1,1,1,0.0005,600,0.4,Adam
0.0,0.0,0.0,E-CDE-VAE,100,0.01,0.001,1,1,1,0.0005,600,0.4,Adam
0.09,0.15746031746031747,0.15958283224343595,E-CDE-VAE,100,0.01,0.001,1,1,1,0.0005,600,0.4,Adam
0.4966666666666666,0.4856349206349206,0.5105311585129695,E-CDE-VAE,100,0.01,0.001,1,1,1,0.0005,600,0.4,Adam
0.0,0.0,0.0,E-CDE-VAE,100,0.01,0.001,1,1,1,0.0005,600,0.4,Adam
0.0,0.0,0.0,E-CDE-VAE,100,0.01,0.001,1,1,1,0.0005,600,0.4,Adam
0.0,0.0,0.0,E-CDE-VAE,100,0.01,0.001,1,1,1,0.0005,600,0.4,Adam
0.09,0.15746031746031747,0.15958283224343595,E-CDE-VAE,100,0.01,0.001,1,1,1,0.0005,600,0.4,Adam
0.09,0.15746031746031747,0.15958283224343595,E-CDE-VAE,100,0.01,0.001,1,1,1,0.0005,600,0.4,Adam
0.0,0.0,0.0,E-CDE-VAE,100,0.01,0.001,1,1,1,0.0005,600,0.4,Adam
0.0,0.0,0.0,E-CDE-VAE,100,0.01,0.001,1,1,1,0.0005,600,0.4,Adam
0.0,0.0,0.013975533195734432,E-CDE-VAE,100,0.01,0.001,1,1,1,0.0005,600,0.4,Adam
0.0,0.0,0.017308866529067764,E-CDE-VAE,100,0.01,0.001,1,1,1,0.0005,600,0.4,Adam
0.0,0.0,0.0,E-CDE-VAE,100,0.01,0.001,1,1,1,0.0005,600,0.4,Adam
0.0,0.0,0.013975533195734432,E-CDE-VAE,100,0.01,0.001,1,1,1,0.0005,600,0.4,Adam
0.0,0.0,0.0,E-CDE-VAE,100,0.01,0.001,1,1,1,0.0005,600,0.4,Adam
0.0,0.0,0.0,E-CDE-VAE,100,0.01,0.001,1,1,1,0.0005,600,0.4,Adam
0.0,0.0,0.013975533195734432,E-CDE-VAE,100,0.01,0.001,1,1,1,0.0005,600,0.4,Adam
0.0,0.0,0.0,E-CDE-VAE,100,0.01,0.001,1,1,1,0.0005,600,0.4,Adam
0.0,0.0,0.0,E-CDE-VAE,100,0.01,0.001,1,1,1,0.0005,600,0.4,Adam
0.0,0.0,0.013975533195734432,E-CDE-VAE,100,0.01,0.001,1,1,1,0.0005,600,0.4,Adam
0.0,0.0,0.0,E-CDE-VAE,100,0.01,0.001,1,1,1,0.0005,600,0.4,Adam
0.0,0.0,0.0,E-CDE-VAE,100,0.01,0.001,1,1,1,0.0005,600,0.4,Adam
0.0,0.0,0.0,E-CDE-VAE,100,0.01,0.001,1,1,1,0.0005,600,0.4,Adam
0.0,0.0,0.017308866529067764,E-CDE-VAE,100,0.01,0.001,1,1,1,0.0005,600,0.4,Adam
0.0,0.0,0.017308866529067764,E-CDE-VAE,100,0.01,0.001,1,1,1,0.0005,600,0.4,Adam
0.0,0.0,0.0,E-CDE-VAE,100,0.01,0.001,1,1,1,0.0005,600,0.4,Adam
0.0,0.0,0.017308866529067764,E-CDE-VAE,100,0.01,0.001,1,1,1,0.0005,600,0.4,Adam
0.4966666666666666,0.4856349206349206,0.5105311585129695,E-CDE-VAE,100,0.01,0.001,1,1,1,0.0005,600,0.4,Adam
0.0,0.0,0.017308866529067764,E-CDE-VAE,100,0.01,0.001,1,1,1,0.0005,600,0.4,Adam
0.09,0.15746031746031747,0.15958283224343595,E-CDE-VAE,100,0.01,0.001,1,1,1,0.0005,600,0.4,Adam
0.0,0.0,0.0,E-CDE-VAE,100,0.01,0.001,1,1,1,0.0005,600,0.4,Adam
0.09,0.15746031746031747,0.15958283224343595,E-CDE-VAE,100,0.01,0.001,1,1,1,0.0005,600,0.4,Adam
0.4966666666666666,0.4856349206349206,0.5105311585129695,E-CDE-VAE,100,0.01,0.001,1,1,1,0.0005,600,0.4,Adam
0.0,0.0,0.013975533195734432,E-CDE-VAE,100,0.01,0.001,1,1,1,0.0005,600,0.4,Adam
0.0,0.0,0.017308866529067764,E-CDE-VAE,100,0.01,0.001,1,1,1,0.0005,600,0.4,Adam
0.0,0.0,0.0,E-CDE-VAE,100,0.01,0.001,1,1,1,0.0005,600,0.4,Adam
0.0,0.0,0.0,E-CDE-VAE,100,0.01,0.001,1,1,1,0.0005,600,0.4,Adam
0.0,0.0,0.017308866529067764,E-CDE-VAE,100,0.01,0.001,1,1,1,0.0005,600,0.4,Adam
0.0,0.0,0.0,E-CDE-VAE,100,0.01,0.001,1,1,1,0.0005,600,0.4,Adam
0.09,0.15746031746031747,0.15958283224343595,E-CDE-VAE,100,0.01,0.001,1,1,1,0.0005,600,0.4,Adam
0.09,0.15746031746031747,0.15958283224343595,E-CDE-VAE,100,0.01,0.001,1,1,1,0.0005,600,0.4,Adam
0.0,0.0,0.0,E-CDE-VAE,100,0.01,0.001,1,1,1,0.0005,600,0.4,Adam
0.0,0.0,0.013975533195734432,E-CDE-VAE,100,0.01,0.001,1,1,1,0.0005,600,0.4,Adam
0.0,0.0,0.0,E-CDE-VAE,100,0.01,0.001,1,1,1,0.0005,600,0.4,Adam
0.4966666666666666,0.4856349206349206,0.5105311585129695,E-CDE-VAE,100,0.01,0.001,1,1,1,0.0005,600,0.4,Adam
0.4966666666666666,0.4856349206349206,0.5105311585129695,E-CDE-VAE,100,0.01,0.001,1,1,1,0.0005,600,0.4,Adam
0.0,0.0,0.0,E-CDE-VAE,100,0.01,0.001,1,1,1,0.0005,600,0.4,Adam
0.0,0.0,0.0,E-CDE-VAE,100,0.01,0.001,1,1,1,0.0005,600,0.4,Adam
0.0,0.0,0.0,E-CDE-VAE,100,0.01,0.001,1,1,1,0.0005,600,0.4,Adam
0.0,0.0,0.0,E-CDE-VAE,100,0.01,0.001,1,1,1,0.0005,600,0.4,Adam
0.0,0.0,0.013975533195734432,E-CDE-VAE,100,0.01,0.001,1,1,1,0.0005,600,0.4,Adam
0.0,0.0,0.0,E-CDE-VAE,100,0.01,0.001,1,1,1,0.0005,600,0.4,Adam
0.0,0.0,0.0,E-CDE-VAE,100,0.01,0.001,1,1,1,0.0005,600,0.4,Adam
0.0,0.0,0.013975533195734432,E-CDE-VAE,100,0.01,0.001,1,1,1,0.0005,600,0.4,Adam
0.0,0.0,0.0,E-CDE-VAE,100,0.01,0.001,1,1,1,0.0005,600,0.4,Adam
0.0,0.0,0.0,E-CDE-VAE,100,0.01,0.001,1,1,1,0.0005,600,0.4,Adam
0.0,0.0,0.0,E-CDE-VAE,100,0.01,0.001,1,1,1,0.0005,600,0.4,Adam
0.0,0.0,0.0,E-CDE-VAE,100,0.01,0.001,1,1,1,0.0005,600,0.4,Adam
0.0,0.0,0.0,E-CDE-VAE,100,0.01,0.001,1,1,1,0.0005,600,0.4,Adam
0.0,0.0,0.013975533195734432,E-CDE-VAE,100,0.01,0.001,1,1,1,0.0005,600,0.4,Adam
0.0,0.0,0.0,E-CDE-VAE,100,0.01,0.001,1,1,1,0.0005,600,0.4,Adam
0.0,0.0,0.0,E-CDE-VAE,100,0.01,0.001,1,1,1,0.0005,600,0.4,Adam
0.4966666666666666,0.4856349206349206,0.5105311585129695,E-CDE-VAE,100,0.01,0.001,1,1,1,0.0005,600,0.4,Adam
0.0,0.0,0.0,E-CDE-VAE,100,0.01,0.001,1,1,1,0.0005,600,0.4,Adam
0.0,0.0,0.0,E-CDE-VAE,100,0.01,0.001,1,1,1,0.0005,600,0.4,Adam
0.0,0.0,0.0,E-CDE-VAE,100,0.01,0.001,1,1,1,0.0005,600,0.4,Adam
0.0,0.0,0.017308866529067764,E-CDE-VAE,100,0.01,0.001,1,1,1,0.0005,600,0.4,Adam
0.0,0.0,0.0,E-CDE-VAE,100,0.01,0.001,1,1,1,0.0005,600,0.4,Adam
0.09,0.15746031746031747,0.15958283224343595,E-CDE-VAE,100,0.01,0.001,1,1,1,0.0005,600,0.4,Adam
0.0,0.0,0.0,E-CDE-VAE,100,0.01,0.001,1,1,1,0.0005,600,0.4,Adam
0.0,0.0,0.0,E-CDE-VAE,100,0.01,0.001,1,1,1,0.0005,600,0.4,Adam
0.0,0.0,0.017308866529067764,E-CDE-VAE,100,0.01,0.001,1,1,1,0.0005,600,0.4,Adam
0.0,0.0,0.017308866529067764,E-CDE-VAE,100,0.01,0.001,1,1,1,0.0005,600,0.4,Adam
0.4966666666666666,0.4856349206349206,0.5105311585129695,E-CDE-VAE,100,0.01,0.001,1,1,1,0.0005,600,0.4,Adam
0.4966666666666666,0.4856349206349206,0.5105311585129695,E-CDE-VAE,100,0.01,0.001,1,1,1,0.0005,600,0.4,Adam
0.0,0.0,0.0,E-CDE-VAE,100,0.01,0.001,1,1,1,0.0005,600,0.4,Adam
0.0,0.0,0.0,E-CDE-VAE,100,0.01,0.001,1,1,1,0.0005,600,0.4,Adam
0.0,0.0,0.0,E-CDE-VAE,100,0.01,0.001,1,1,1,0.0005,600,0.4,Adam
0.0,0.0,0.0,E-CDE-VAE,100,0.01,0.001,1,1,1,0.0005,600,0.4,Adam
0.0,0.0,0.0,E-CDE-VAE,100,0.01,0.001,1,1,1,0.0005,600,0.4,Adam
0.0,0.0,0.0,E-CDE-VAE,100,0.01,0.001,1,1,1,0.0005,600,0.4,Adam
0.0,0.0,0.0,E-CDE-VAE,100,0.01,0.001,1,1,1,0.0005,600,0.4,Adam
0.0,0.0,0.0,E-CDE-VAE,100,0.01,0.001,1,1,1,0.0005,600,0.4,Adam
0.09,0.15746031746031747,0.15958283224343595,E-CDE-VAE,100,0.01,0.001,1,1,1,0.0005,600,0.4,Adam
0.0,0.0,0.0,E-CDE-VAE,100,0.01,0.001,1,1,1,0.0005,600,0.4,Adam
0.0,0.0,0.0,E-CDE-VAE,100,0.01,0.001,1,1,1,0.0005,600,0.4,Adam
0.0,0.0,0.017308866529067764,E-CDE-VAE,100,0.01,0.001,1,1,1,0.0005,600,0.4,Adam
0.0,0.0,0.013975533195734432,E-CDE-VAE,100,0.01,0.001,1,1,1,0.0005,600,0.4,Adam
0.0,0.0,0.017308866529067764,E-CDE-VAE,100,0.01,0.001,1,1,1,0.0005,600,0.4,Adam
0.0,0.0,0.0,E-CDE-VAE,100,0.01,0.001,1,1,1,0.0005,600,0.4,Adam
0.0,0.0,0.013975533195734432,E-CDE-VAE,100,0.01,0.001,1,1,1,0.0005,600,0.4,Adam
0.0,0.0,0.0,E-CDE-VAE,100,0.01,0.001,1,1,1,0.0005,600,0.4,Adam
0.4966666666666666,0.4856349206349206,0.5105311585129695,E-CDE-VAE,100,0.01,0.001,1,1,1,0.0005,600,0.4,Adam
0.0,0.0,0.0,E-CDE-VAE,100,0.01,0.001,1,1,1,0.0005,600,0.4,Adam
0.0,0.0,0.017308866529067764,E-CDE-VAE,100,0.01,0.001,1,1,1,0.0005,600,0.4,Adam
0.0,0.0,0.0,E-CDE-VAE,100,0.01,0.001,1,1,1,0.0005,600,0.4,Adam
0.0,0.0,0.0,E-CDE-VAE,100,0.01,0.001,1,1,1,0.0005,600,0.4,Adam
0.0,0.0,0.0,E-CDE-VAE,100,0.01,0.001,1,1,1,0.0005,600,0.4,Adam
0.4966666666666666,0.4856349206349206,0.5105311585129695,E-CDE-VAE,100,0.01,0.001,1,1,1,0.0005,600,0.4,Adam
0.4966666666666666,0.4856349206349206,0.5105311585129695,E-CDE-VAE,100,0.01,0.001,1,1,1,0.0005,600,0.4,Adam
0.09,0.15746031746031747,0.15958283224343595,E-CDE-VAE,100,0.01,0.001,1,1,1,0.0005,600,0.4,Adam
0.0,0.0,0.0,E-CDE-VAE,100,0.01,0.001,1,1,1,0.0005,600,0.4,Adam
0.0,0.0,0.0,E-CDE-VAE,100,0.01,0.001,1,1,1,0.0005,600,0.4,Adam
0.0,0.0,0.017308866529067764,E-CDE-VAE,100,0.01,0.001,1,1,1,0.0005,600,0.4,Adam
0.0,0.0,0.0,E-CDE-VAE,100,0.01,0.001,1,1,1,0.0005,600,0.4,Adam
0.0,0.0,0.017308866529067764,E-CDE-VAE,100,0.01,0.001,1,1,1,0.0005,600,0.4,Adam
0.0,0.0,0.017308866529067764,E-CDE-VAE,100,0.01,0.001,1,1,1,0.0005,600,0.4,Adam
0.4966666666666666,0.4856349206349206,0.5105311585129695,E-CDE-VAE,100,0.01,0.001,1,1,1,0.0005,600,0.4,Adam
0.0,0.0,0.0,E-CDE-VAE,100,0.01,0.001,1,1,1,0.0005,600,0.4,Adam
0.0,0.0,0.0,E-CDE-VAE,100,0.01,0.001,1,1,1,0.0005,600,0.4,Adam
0.0,0.0,0.0,E-CDE-VAE,100,0.01,0.001,1,1,1,0.0005,600,0.4,Adam
0.0,0.0,0.013975533195734432,E-CDE-VAE,100,0.01,0.001,1,1,1,0.0005,600,0.4,Adam
0.4966666666666666,0.4856349206349206,0.5105311585129695,E-CDE-VAE,100,0.01,0.001,1,1,1,0.0005,600,0.4,Adam
0.0,0.0,0.0,E-CDE-VAE,100,0.01,0.001,1,1,1,0.0005,600,0.4,Adam
0.0,0.0,0.0,E-CDE-VAE,100,0.01,0.001,1,1,1,0.0005,600,0.4,Adam
0.0,0.0,0.0,E-CDE-VAE,100,0.01,0.001,1,1,1,0.0005,600,0.4,Adam
0.0,0.0,0.013975533195734432,E-CDE-VAE,100,0.01,0.001,1,1,1,0.0005,600,0.4,Adam
0.0,0.0,0.0,E-CDE-VAE,100,0.01,0.001,1,1,1,0.0005,600,0.4,Adam
0.0,0.0,0.0,E-CDE-VAE,100,0.01,0.001,1,1,1,0.0005,600,0.4,Adam
0.0,0.0,0.0,E-CDE-VAE,100,0.01,0.001,1,1,1,0.0005,600,0.4,Adam
0.0,0.0,0.0,E-CDE-VAE,100,0.01,0.001,1,1,1,0.0005,600,0.4,Adam
0.09,0.15746031746031747,0.15958283224343595,E-CDE-VAE,100,0.01,0.001,1,1,1,0.0005,600,0.4,Adam
0.0,0.0,0.0,E-CDE-VAE,100,0.01,0.001,1,1,1,0.0005,600,0.4,Adam
0.0,0.0,0.0,E-CDE-VAE,100,0.01,0.001,1,1,1,0.0005,600,0.4,Adam
0.0,0.0,0.0,E-CDE-VAE,100,0.01,0.001,1,1,1,0.0005,600,0.4,Adam
0.0,0.0,0.0,E-CDE-VAE,100,0.01,0.001,1,1,1,0.0005,600,0.4,Adam
0.0,0.0,0.0,E-CDE-VAE,100,0.01,0.001,1,1,1,0.0005,600,0.4,Adam
0.0,0.0,0.0,E-CDE-VAE,100,0.01,0.001,1,1,1,0.0005,600,0.4,Adam
0.0,0.0,0.0,E-CDE-VAE,100,0.01,0.001,1,1,1,0.0005,600,0.4,Adam
0.09,0.15746031746031747,0.15958283224343595,E-CDE-VAE,100,0.01,0.001,1,1,1,0.0005,600,0.4,Adam
0.0,0.0,0.017308866529067764,E-CDE-VAE,100,0.01,0.001,1,1,1,0.0005,600,0.4,Adam
0.0,0.0,0.013975533195734432,E-CDE-VAE,100,0.01,0.001,1,1,1,0.0005,600,0.4,Adam
0.0,0.0,0.0,E-CDE-VAE,100,0.01,0.001,1,1,1,0.0005,600,0.4,Adam
0.0,0.0,0.0,E-CDE-VAE,100,0.01,0.001,1,1,1,0.0005,600,0.4,Adam
0.0,0.0,0.0,E-CDE-VAE,100,0.01,0.001,1,1,1,0.0005,600,0.4,Adam
0.0,0.0,0.0,E-CDE-VAE,100,0.01,0.001,1,1,1,0.0005,600,0.4,Adam
0.0,0.0,0.0,E-CDE-VAE,100,0.01,0.001,1,1,1,0.0005,600,0.4,Adam
0.09,0.15746031746031747,0.15958283224343595,E-CDE-VAE,100,0.01,0.001,1,1,1,0.0005,600,0.4,Adam
0.0,0.0,0.0,E-CDE-VAE,100,0.01,0.001,1,1,1,0.0005,600,0.4,Adam
0.0,0.0,0.0,E-CDE-VAE,100,0.01,0.001,1,1,1,0.0005,600,0.4,Adam
0.0,0.0,0.0,E-CDE-VAE,100,0.01,0.001,1,1,1,0.0005,600,0.4,Adam
0.4966666666666666,0.4856349206349206,0.5105311585129695,E-CDE-VAE,100,0.01,0.001,1,1,1,0.0005,600,0.4,Adam
0.0,0.0,0.0,E-CDE-VAE,100,0.01,0.001,1,1,1,0.0005,600,0.4,Adam
0.09,0.15746031746031747,0.15958283224343595,E-CDE-VAE,100,0.01,0.001,1,1,1,0.0005,600,0.4,Adam
0.0,0.0,0.013975533195734432,E-CDE-VAE,100,0.01,0.001,1,1,1,0.0005,600,0.4,Adam
0.0,0.0,0.0,E-CDE-VAE,100,0.01,0.001,1,1,1,0.0005,600,0.4,Adam
0.0,0.0,0.017308866529067764,E-CDE-VAE,100,0.01,0.001,1,1,1,0.0005,600,0.4,Adam
0.0,0.0,0.0,E-CDE-VAE,100,0.01,0.001,1,1,1,0.0005,600,0.4,Adam
0.0,0.0,0.017308866529067764,E-CDE-VAE,100,0.01,0.001,1,1,1,0.0005,600,0.4,Adam
0.0,0.0,0.0,E-CDE-VAE,100,0.01,0.001,1,1,1,0.0005,600,0.4,Adam
0.0,0.0,0.0,E-CDE-VAE,100,0.01,0.001,1,1,1,0.0005,600,0.4,Adam
0.09,0.15746031746031747,0.15958283224343595,E-CDE-VAE,100,0.01,0.001,1,1,1,0.0005,600,0.4,Adam
0.0,0.0,0.017308866529067764,E-CDE-VAE,100,0.01,0.001,1,1,1,0.0005,600,0.4,Adam
0.0,0.0,0.0,E-CDE-VAE,100,0.01,0.001,1,1,1,0.0005,600,0.4,Adam
0.0,0.0,0.0,E-CDE-VAE,100,0.01,0.001,1,1,1,0.0005,600,0.4,Adam
0.0,0.0,0.017308866529067764,E-CDE-VAE,100,0.01,0.001,1,1,1,0.0005,600,0.4,Adam
0.0,0.0,0.013975533195734432,E-CDE-VAE,100,0.01,0.001,1,1,1,0.0005,600,0.4,Adam
0.0,0.0,0.0,E-CDE-VAE,100,0.01,0.001,1,1,1,0.0005,600,0.4,Adam
0.0,0.0,0.0,E-CDE-VAE,100,0.01,0.001,1,1,1,0.0005,600,0.4,Adam
0.0,0.0,0.017308866529067764,E-CDE-VAE,100,0.01,0.001,1,1,1,0.0005,600,0.4,Adam
0.0,0.0,0.0,E-CDE-VAE,100,0.01,0.001,1,1,1,0.0005,600,0.4,Adam
0.0,0.0,0.0,E-CDE-VAE,100,0.01,0.001,1,1,1,0.0005,600,0.4,Adam
0.0,0.0,0.0,E-CDE-VAE,100,0.01,0.001,1,1,1,0.0005,600,0.4,Adam
0.09,0.15746031746031747,0.15958283224343595,E-CDE-VAE,100,0.01,0.001,1,1,1,0.0005,600,0.4,Adam
0.4966666666666666,0.4856349206349206,0.5105311585129695,E-CDE-VAE,100,0.01,0.001,1,1,1,0.0005,600,0.4,Adam
0.09,0.15746031746031747,0.15958283224343595,E-CDE-VAE,100,0.01,0.001,1,1,1,0.0005,600,0.4,Adam
0.09,0.15746031746031747,0.15958283224343595,E-CDE-VAE,100,0.01,0.001,1,1,1,0.0005,600,0.4,Adam
0.0,0.0,0.017308866529067764,E-CDE-VAE,100,0.01,0.001,1,1,1,0.0005,600,0.4,Adam
0.0,0.0,0.0,E-CDE-VAE,100,0.01,0.001,1,1,1,0.0005,600,0.4,Adam
0.09,0.15746031746031747,0.15958283224343595,E-CDE-VAE,100,0.01,0.001,1,1,1,0.0005,600,0.4,Adam
0.0,0.0,0.0,E-CDE-VAE,100,0.01,0.001,1,1,1,0.0005,600,0.4,Adam
0.0,0.0,0.0,E-CDE-VAE,100,0.01,0.001,1,1,1,0.0005,600,0.4,Adam
0.0,0.0,0.0,E-CDE-VAE,100,0.01,0.001,1,1,1,0.0005,600,0.4,Adam
0.0,0.0,0.0,E-CDE-VAE,100,0.01,0.001,1,1,1,0.0005,600,0.4,Adam
0.09,0.15746031746031747,0.15958283224343595,E-CDE-VAE,100,0.01,0.001,1,1,1,0.0005,600,0.4,Adam
0.0,0.0,0.0,E-CDE-VAE,100,0.01,0.001,1,1,1,0.0005,600,0.4,Adam
0.0,0.0,0.0,E-CDE-VAE,100,0.01,0.001,1,1,1,0.0005,600,0.4,Adam
0.0,0.0,0.0,E-CDE-VAE,100,0.01,0.001,1,1,1,0.0005,600,0.4,Adam
0.0,0.0,0.0,E-CDE-VAE,100,0.01,0.001,1,1,1,0.0005,600,0.4,Adam
0.0,0.0,0.017308866529067764,E-CDE-VAE,100,0.01,0.001,1,1,1,0.0005,600,0.4,Adam
0.0,0.0,0.0,E-CDE-VAE,100,0.01,0.001,1,1,1,0.0005,600,0.4,Adam
0.4966666666666666,0.4856349206349206,0.5105311585129695,E-CDE-VAE,100,0.01,0.001,1,1,1,0.0005,600,0.4,Adam
0.0,0.0,0.0,E-CDE-VAE,100,0.01,0.001,1,1,1,0.0005,600,0.4,Adam
0.0,0.0,0.0,E-CDE-VAE,100,0.01,0.001,1,1,1,0.0005,600,0.4,Adam
0.0,0.0,0.0,E-CDE-VAE,100,0.01,0.001,1,1,1,0.0005,600,0.4,Adam
0.0,0.0,0.0,E-CDE-VAE,100,0.01,0.001,1,1,1,0.0005,600,0.4,Adam
0.0,0.0,0.0,E-CDE-VAE,100,0.01,0.001,1,1,1,0.0005,600,0.4,Adam
0.0,0.0,0.0,E-CDE-VAE,100,0.01,0.001,1,1,1,0.0005,600,0.4,Adam
0.0,0.0,0.0,E-CDE-VAE,100,0.01,0.001,1,1,1,0.0005,600,0.4,Adam
0.0,0.0,0.013975533195734432,E-CDE-VAE,100,0.01,0.001,1,1,1,0.0005,600,0.4,Adam
0.0,0.0,0.013975533195734432,E-CDE-VAE,100,0.01,0.001,1,1,1,0.0005,600,0.4,Adam
0.0,0.0,0.0,E-CDE-VAE,100,0.01,0.001,1,1,1,0.0005,600,0.4,Adam
0.09,0.15746031746031747,0.15958283224343595,E-CDE-VAE,100,0.01,0.001,1,1,1,0.0005,600,0.4,Adam
0.0,0.0,0.0,E-CDE-VAE,100,0.01,0.001,1,1,1,0.0005,600,0.4,Adam
0.0,0.0,0.0,E-CDE-VAE,100,0.01,0.001,1,1,1,0.0005,600,0.4,Adam
0.0,0.0,0.0,E-CDE-VAE,100,0.01,0.001,1,1,1,0.0005,600,0.4,Adam
0.0,0.0,0.0,E-CDE-VAE,100,0.01,0.001,1,1,1,0.0005,600,0.4,Adam
0.0,0.0,0.013975533195734432,E-CDE-VAE,100,0.01,0.001,1,1,1,0.0005,600,0.4,Adam
0.0,0.0,0.0,E-CDE-VAE,100,0.01,0.001,1,1,1,0.0005,600,0.4,Adam
0.0,0.0,0.017308866529067764,E-CDE-VAE,100,0.01,0.001,1,1,1,0.0005,600,0.4,Adam
0.0,0.0,0.0,E-CDE-VAE,100,0.01,0.001,1,1,1,0.0005,600,0.4,Adam
0.0,0.0,0.0,E-CDE-VAE,100,0.01,0.001,1,1,1,0.0005,600,0.4,Adam
0.09,0.15746031746031747,0.15958283224343595,E-CDE-VAE,100,0.01,0.001,1,1,1,0.0005,600,0.4,Adam
0.0,0.0,0.0,E-CDE-VAE,100,0.01,0.001,1,1,1,0.0005,600,0.4,Adam
0.0,0.0,0.0,E-CDE-VAE,100,0.01,0.001,1,1,1,0.0005,600,0.4,Adam
0.0,0.0,0.0,E-CDE-VAE,100,0.01,0.001,1,1,1,0.0005,600,0.4,Adam
0.0,0.0,0.017308866529067764,E-CDE-VAE,100,0.01,0.001,1,1,1,0.0005,600,0.4,Adam
0.0,0.0,0.0,E-CDE-VAE,100,0.01,0.001,1,1,1,0.0005,600,0.4,Adam
0.09,0.15746031746031747,0.15958283224343595,E-CDE-VAE,100,0.01,0.001,1,1,1,0.0005,600,0.4,Adam
0.0,0.0,0.0,E-CDE-VAE,100,0.01,0.001,1,1,1,0.0005,600,0.4,Adam
0.0,0.0,0.0,E-CDE-VAE,100,0.01,0.001,1,1,1,0.0005,600,0.4,Adam
0.0,0.0,0.017308866529067764,E-CDE-VAE,100,0.01,0.001,1,1,1,0.0005,600,0.4,Adam
0.0,0.0,0.0,E-CDE-VAE,100,0.01,0.001,1,1,1,0.0005,600,0.4,Adam
0.0,0.0,0.0,E-CDE-VAE,100,0.01,0.001,1,1,1,0.0005,600,0.4,Adam
0.0,0.0,0.017308866529067764,E-CDE-VAE,100,0.01,0.001,1,1,1,0.0005,600,0.4,Adam
0.0,0.0,0.0,E-CDE-VAE,100,0.01,0.001,1,1,1,0.0005,600,0.4,Adam
0.0,0.0,0.0,E-CDE-VAE,100,0.01,0.001,1,1,1,0.0005,600,0.4,Adam
0.0,0.0,0.013975533195734432,E-CDE-VAE,100,0.01,0.001,1,1,1,0.0005,600,0.4,Adam
0.0,0.0,0.0,E-CDE-VAE,100,0.01,0.001,1,1,1,0.0005,600,0.4,Adam
0.0,0.0,0.0,E-CDE-VAE,100,0.01,0.001,1,1,1,0.0005,600,0.4,Adam
0.0,0.0,0.0,E-CDE-VAE,100,0.01,0.001,1,1,1,0.0005,600,0.4,Adam
0.0,0.0,0.0,E-CDE-VAE,100,0.01,0.001,1,1,1,0.0005,600,0.4,Adam
0.0,0.0,0.0,E-CDE-VAE,100,0.01,0.001,1,1,1,0.0005,600,0.4,Adam
0.0,0.0,0.0,E-CDE-VAE,100,0.01,0.001,1,1,1,0.0005,600,0.4,Adam
0.4966666666666666,0.4856349206349206,0.5105311585129695,E-CDE-VAE,100,0.01,0.001,1,1,1,0.0005,600,0.4,Adam
0.0,0.0,0.0,E-CDE-VAE,100,0.01,0.001,1,1,1,0.0005,600,0.4,Adam
0.0,0.0,0.0,E-CDE-VAE,100,0.01,0.001,1,1,1,0.0005,600,0.4,Adam
0.0,0.0,0.0,E-CDE-VAE,100,0.01,0.001,1,1,1,0.0005,600,0.4,Adam
0.0,0.0,0.013975533195734432,E-CDE-VAE,100,0.01,0.001,1,1,1,0.0005,600,0.4,Adam
0.0,0.0,0.0,E-CDE-VAE,100,0.01,0.001,1,1,1,0.0005,600,0.4,Adam
0.09,0.15746031746031747,0.15958283224343595,E-CDE-VAE,100,0.01,0.001,1,1,1,0.0005,600,0.4,Adam
0.0,0.0,0.0,E-CDE-VAE,100,0.01,0.001,1,1,1,0.0005,600,0.4,Adam
0.0,0.0,0.0,E-CDE-VAE,100,0.01,0.001,1,1,1,0.0005,600,0.4,Adam
0.0,0.0,0.013975533195734432,E-CDE-VAE,100,0.01,0.001,1,1,1,0.0005,600,0.4,Adam
0.0,0.0,0.0,E-CDE-VAE,100,0.01,0.001,1,1,1,0.0005,600,0.4,Adam
0.0,0.0,0.0,E-CDE-VAE,100,0.01,0.001,1,1,1,0.0005,600,0.4,Adam
0.09,0.15746031746031747,0.15958283224343595,E-CDE-VAE,100,0.01,0.001,1,1,1,0.0005,600,0.4,Adam
0.0,0.0,0.017308866529067764,E-CDE-VAE,100,0.01,0.001,1,1,1,0.0005,600,0.4,Adam
0.0,0.0,0.017308866529067764,E-CDE-VAE,100,0.01,0.001,1,1,1,0.0005,600,0.4,Adam
0.0,0.0,0.0,E-CDE-VAE,100,0.01,0.001,1,1,1,0.0005,600,0.4,Adam
0.0,0.0,0.0,E-CDE-VAE,100,0.01,0.001,1,1,1,0.0005,600,0.4,Adam
0.0,0.0,0.013975533195734432,E-CDE-VAE,100,0.01,0.001,1,1,1,0.0005,600,0.4,Adam
0.0,0.0,0.0,E-CDE-VAE,100,0.01,0.001,1,1,1,0.0005,600,0.4,Adam
0.0,0.0,0.0,E-CDE-VAE,100,0.01,0.001,1,1,1,0.0005,600,0.4,Adam
0.0,0.0,0.0,E-CDE-VAE,100,0.01,0.001,1,1,1,0.0005,600,0.4,Adam
0.0,0.0,0.0,E-CDE-VAE,100,0.01,0.001,1,1,1,0.0005,600,0.4,Adam
0.0,0.0,0.0,E-CDE-VAE,100,0.01,0.001,1,1,1,0.0005,600,0.4,Adam
0.0,0.0,0.0,E-CDE-VAE,100,0.01,0.001,1,1,1,0.0005,600,0.4,Adam
0.0,0.0,0.0,E-CDE-VAE,100,0.01,0.001,1,1,1,0.0005,600,0.4,Adam
0.0,0.0,0.0,E-CDE-VAE,100,0.01,0.001,1,1,1,0.0005,600,0.4,Adam
0.0,0.0,0.0,E-CDE-VAE,100,0.01,0.001,1,1,1,0.0005,600,0.4,Adam
0.09,0.15746031746031747,0.15958283224343595,E-CDE-VAE,100,0.01,0.001,1,1,1,0.0005,600,0.4,Adam
0.0,0.0,0.0,E-CDE-VAE,100,0.01,0.001,1,1,1,0.0005,600,0.4,Adam
0.09,0.15746031746031747,0.15958283224343595,E-CDE-VAE,100,0.01,0.001,1,1,1,0.0005,600,0.4,Adam
0.0,0.0,0.017308866529067764,E-CDE-VAE,100,0.01,0.001,1,1,1,0.0005,600,0.4,Adam
0.0,0.0,0.0,E-CDE-VAE,100,0.01,0.001,1,1,1,0.0005,600,0.4,Adam
0.0,0.0,0.013975533195734432,E-CDE-VAE,100,0.01,0.001,1,1,1,0.0005,600,0.4,Adam
0.0,0.0,0.013975533195734432,E-CDE-VAE,100,0.01,0.001,1,1,1,0.0005,600,0.4,Adam
0.0,0.0,0.0,E-CDE-VAE,100,0.01,0.001,1,1,1,0.0005,600,0.4,Adam
0.0,0.0,0.0,E-CDE-VAE,100,0.01,0.001,1,1,1,0.0005,600,0.4,Adam
0.09,0.15746031746031747,0.15958283224343595,E-CDE-VAE,100,0.01,0.001,1,1,1,0.0005,600,0.4,Adam
0.4966666666666666,0.4856349206349206,0.5105311585129695,E-CDE-VAE,100,0.01,0.001,1,1,1,0.0005,600,0.4,Adam
0.0,0.0,0.0,E-CDE-VAE,100,0.01,0.001,1,1,1,0.0005,600,0.4,Adam
0.0,0.0,0.0,E-CDE-VAE,100,0.01,0.001,1,1,1,0.0005,600,0.4,Adam
0.0,0.0,0.0,E-CDE-VAE,100,0.01,0.001,1,1,1,0.0005,600,0.4,Adam
0.0,0.0,0.017308866529067764,E-CDE-VAE,100,0.01,0.001,1,1,1,0.0005,600,0.4,Adam
0.4966666666666666,0.4856349206349206,0.5105311585129695,E-CDE-VAE,100,0.01,0.001,1,1,1,0.0005,600,0.4,Adam
0.0,0.0,0.013975533195734432,E-CDE-VAE,100,0.01,0.001,1,1,1,0.0005,600,0.4,Adam
0.0,0.0,0.017308866529067764,E-CDE-VAE,100,0.01,0.001,1,1,1,0.0005,600,0.4,Adam
0.0,0.0,0.0,E-CDE-VAE,100,0.01,0.001,1,1,1,0.0005,600,0.4,Adam
0.09,0.15746031746031747,0.15958283224343595,E-CDE-VAE,100,0.01,0.001,1,1,1,0.0005,600,0.4,Adam
0.0,0.0,0.0,E-CDE-VAE,100,0.01,0.001,1,1,1,0.0005,600,0.4,Adam
0.0,0.0,0.0,E-CDE-VAE,100,0.01,0.001,1,1,1,0.0005,600,0.4,Adam
0.0,0.0,0.0,E-CDE-VAE,100,0.01,0.001,1,1,1,0.0005,600,0.4,Adam
0.0,0.0,0.0,E-CDE-VAE,100,0.01,0.001,1,1,1,0.0005,600,0.4,Adam
0.0,0.0,0.0,E-CDE-VAE,100,0.01,0.001,1,1,1,0.0005,600,0.4,Adam
0.4966666666666666,0.4856349206349206,0.5105311585129695,E-CDE-VAE,100,0.01,0.001,1,1,1,0.0005,600,0.4,Adam
0.0,0.0,0.0,E-CDE-VAE,100,0.01,0.001,1,1,1,0.0005,600,0.4,Adam
0.0,0.0,0.017308866529067764,E-CDE-VAE,100,0.01,0.001,1,1,1,0.0005,600,0.4,Adam
0.0,0.0,0.0,E-CDE-VAE,100,0.01,0.001,1,1,1,0.0005,600,0.4,Adam
0.0,0.0,0.0,E-CDE-VAE,100,0.01,0.001,1,1,1,0.0005,600,0.4,Adam
0.0,0.0,0.0,E-CDE-VAE,100,0.01,0.001,1,1,1,0.0005,600,0.4,Adam
0.0,0.0,0.0,E-CDE-VAE,100,0.01,0.001,1,1,1,0.0005,600,0.4,Adam
0.0,0.0,0.013975533195734432,E-CDE-VAE,100,0.01,0.001,1,1,1,0.0005,600,0.4,Adam
0.0,0.0,0.0,E-CDE-VAE,100,0.01,0.001,1,1,1,0.0005,600,0.4,Adam
0.0,0.0,0.0,E-CDE-VAE,100,0.01,0.001,1,1,1,0.0005,600,0.4,Adam
0.4966666666666666,0.4856349206349206,0.5105311585129695,E-CDE-VAE,100,0.01,0.001,1,1,1,0.0005,600,0.4,Adam
0.4966666666666666,0.4856349206349206,0.5105311585129695,E-CDE-VAE,100,0.01,0.001,1,1,1,0.0005,600,0.4,Adam
0.09,0.15746031746031747,0.15958283224343595,E-CDE-VAE,100,0.01,0.001,1,1,1,0.0005,600,0.4,Adam
0.0,0.0,0.0,E-CDE-VAE,100,0.01,0.001,1,1,1,0.0005,600,0.4,Adam
0.4966666666666666,0.4856349206349206,0.5105311585129695,E-CDE-VAE,100,0.01,0.001,1,1,1,0.0005,600,0.4,Adam
0.0,0.0,0.013975533195734432,E-CDE-VAE,100,0.01,0.001,1,1,1,0.0005,600,0.4,Adam
0.0,0.0,0.0,E-CDE-VAE,100,0.01,0.001,1,1,1,0.0005,600,0.4,Adam
0.4966666666666666,0.4856349206349206,0.5105311585129695,E-CDE-VAE,100,0.01,0.001,1,1,1,0.0005,600,0.4,Adam
0.0,0.0,0.013975533195734432,E-CDE-VAE,100,0.01,0.001,1,1,1,0.0005,600,0.4,Adam
0.0,0.0,0.0,E-CDE-VAE,100,0.01,0.001,1,1,1,0.0005,600,0.4,Adam
0.0,0.0,0.0,E-CDE-VAE,100,0.01,0.001,1,1,1,0.0005,600,0.4,Adam
0.0,0.0,0.0,E-CDE-VAE,100,0.01,0.001,1,1,1,0.0005,600,0.4,Adam
0.0,0.0,0.0,E-CDE-VAE,100,0.01,0.001,1,1,1,0.0005,600,0.4,Adam
0.0,0.0,0.0,E-CDE-VAE,100,0.01,0.001,1,1,1,0.0005,600,0.4,Adam
0.0,0.0,0.0,E-CDE-VAE,100,0.01,0.001,1,1,1,0.0005,600,0.4,Adam
0.0,0.0,0.0,E-CDE-VAE,100,0.01,0.001,1,1,1,0.0005,600,0.4,Adam
0.0,0.0,0.0,E-CDE-VAE,100,0.01,0.001,1,1,1,0.0005,600,0.4,Adam
0.0,0.0,0.0,E-CDE-VAE,100,0.01,0.001,1,1,1,0.0005,600,0.4,Adam
0.0,0.0,0.0,E-CDE-VAE,100,0.01,0.001,1,1,1,0.0005,600,0.4,Adam
0.0,0.0,0.0,E-CDE-VAE,100,0.01,0.001,1,1,1,0.0005,600,0.4,Adam
0.0,0.0,0.013975533195734432,E-CDE-VAE,100,0.01,0.001,1,1,1,0.0005,600,0.4,Adam
0.0,0.0,0.0,E-CDE-VAE,100,0.01,0.001,1,1,1,0.0005,600,0.4,Adam
0.0,0.0,0.0,E-CDE-VAE,100,0.01,0.001,1,1,1,0.0005,600,0.4,Adam
0.0,0.0,0.0,E-CDE-VAE,100,0.01,0.001,1,1,1,0.0005,600,0.4,Adam
0.0,0.0,0.017308866529067764,E-CDE-VAE,100,0.01,0.001,1,1,1,0.0005,600,0.4,Adam
0.09,0.15746031746031747,0.15958283224343595,E-CDE-VAE,100,0.01,0.001,1,1,1,0.0005,600,0.4,Adam
0.0,0.0,0.0,E-CDE-VAE,100,0.01,0.001,1,1,1,0.0005,600,0.4,Adam
0.0,0.0,0.013975533195734432,E-CDE-VAE,100,0.01,0.001,1,1,1,0.0005,600,0.4,Adam
0.0,0.0,0.0,E-CDE-VAE,100,0.01,0.001,1,1,1,0.0005,600,0.4,Adam
0.4966666666666666,0.4856349206349206,0.5105311585129695,E-CDE-VAE,100,0.01,0.001,1,1,1,0.0005,600,0.4,Adam
0.0,0.0,0.0,E-CDE-VAE,100,0.1,0.001,1,1,1,0.0005,600,0.4,Adam
0.0,0.0,0.0,E-CDE-VAE,100,0.1,0.001,1,1,1,0.0005,600,0.4,Adam
0.0,0.0,0.0,E-CDE-VAE,100,0.1,0.001,1,1,1,0.0005,600,0.4,Adam
0.4966666666666666,0.4856349206349206,0.5105311585129695,E-CDE-VAE,100,0.1,0.001,1,1,1,0.0005,600,0.4,Adam
0.0,0.0,0.0,E-CDE-VAE,100,0.1,0.001,1,1,1,0.0005,600,0.4,Adam
0.0,0.0,0.0,E-CDE-VAE,100,0.1,0.001,1,1,1,0.0005,600,0.4,Adam
0.0,0.0,0.0,E-CDE-VAE,100,0.1,0.001,1,1,1,0.0005,600,0.4,Adam
0.0,0.0,0.017308866529067764,E-CDE-VAE,100,0.1,0.001,1,1,1,0.0005,600,0.4,Adam
0.0,0.0,0.0,E-CDE-VAE,100,0.1,0.001,1,1,1,0.0005,600,0.4,Adam
0.0,0.0,0.013975533195734432,E-CDE-VAE,100,0.1,0.001,1,1,1,0.0005,600,0.4,Adam
0.0,0.0,0.0,E-CDE-VAE,100,0.1,0.001,1,1,1,0.0005,600,0.4,Adam
0.4966666666666666,0.4856349206349206,0.5105311585129695,E-CDE-VAE,100,0.1,0.001,1,1,1,0.0005,600,0.4,Adam
0.0,0.0,0.017308866529067764,E-CDE-VAE,100,0.1,0.001,1,1,1,0.0005,600,0.4,Adam
0.0,0.0,0.013975533195734432,E-CDE-VAE,100,0.1,0.001,1,1,1,0.0005,600,0.4,Adam
0.0,0.0,0.0,E-CDE-VAE,100,0.1,0.001,1,1,1,0.0005,600,0.4,Adam
0.0,0.0,0.0,E-CDE-VAE,100,0.1,0.001,1,1,1,0.0005,600,0.4,Adam
0.0,0.0,0.0,E-CDE-VAE,100,0.1,0.001,1,1,1,0.0005,600,0.4,Adam
0.0,0.0,0.0,E-CDE-VAE,100,0.1,0.001,1,1,1,0.0005,600,0.4,Adam
0.09,0.15746031746031747,0.15958283224343595,E-CDE-VAE,100,0.1,0.001,1,1,1,0.0005,600,0.4,Adam
0.0,0.0,0.0,E-CDE-VAE,100,0.1,0.001,1,1,1,0.0005,600,0.4,Adam
0.09,0.15746031746031747,0.15958283224343595,E-CDE-VAE,100,0.1,0.001,1,1,1,0.0005,600,0.4,Adam
0.0,0.0,0.013975533195734432,E-CDE-VAE,100,0.1,0.001,1,1,1,0.0005,600,0.4,Adam
0.4966666666666666,0.4856349206349206,0.5105311585129695,E-CDE-VAE,100,0.1,0.001,1,1,1,0.0005,600,0.4,Adam
0.0,0.0,0.013975533195734432,E-CDE-VAE,100,0.1,0.001,1,1,1,0.0005,600,0.4,Adam
0.09,0.15746031746031747,0.15958283224343595,E-CDE-VAE,100,0.1,0.001,1,1,1,0.0005,600,0.4,Adam
0.0,0.0,0.0,E-CDE-VAE,100,0.1,0.001,1,1,1,0.0005,600,0.4,Adam
0.09,0.15746031746031747,0.15958283224343595,E-CDE-VAE,100,0.1,0.001,1,1,1,0.0005,600,0.4,Adam
0.0,0.0,0.0,E-CDE-VAE,100,0.1,0.001,1,1,1,0.0005,600,0.4,Adam
0.0,0.0,0.0,E-CDE-VAE,100,0.1,0.001,1,1,1,0.0005,600,0.4,Adam
0.0,0.0,0.0,E-CDE-VAE,100,0.1,0.001,1,1,1,0.0005,600,0.4,Adam
0.4966666666666666,0.4856349206349206,0.5105311585129695,E-CDE-VAE,100,0.1,0.001,1,1,1,0.0005,600,0.4,Adam
0.0,0.0,0.0,E-CDE-VAE,100,0.1,0.001,1,1,1,0.0005,600,0.4,Adam
0.09,0.15746031746031747,0.15958283224343595,E-CDE-VAE,100,0.1,0.001,1,1,1,0.0005,600,0.4,Adam
0.0,0.0,0.0,E-CDE-VAE,100,0.1,0.001,1,1,1,0.0005,600,0.4,Adam
0.0,0.0,0.013975533195734432,E-CDE-VAE,100,0.1,0.001,1,1,1,0.0005,600,0.4,Adam
0.0,0.0,0.0,E-CDE-VAE,100,0.1,0.001,1,1,1,0.0005,600,0.4,Adam
0.0,0.0,0.0,E-CDE-VAE,100,0.1,0.001,1,1,1,0.0005,600,0.4,Adam
0.0,0.0,0.0,E-CDE-VAE,100,0.1,0.001,1,1,1,0.0005,600,0.4,Adam
0.0,0.0,0.0,E-CDE-VAE,100,0.1,0.001,1,1,1,0.0005,600,0.4,Adam
0.0,0.0,0.017308866529067764,E-CDE-VAE,100,0.1,0.001,1,1,1,0.0005,600,0.4,Adam
0.0,0.0,0.0,E-CDE-VAE,100,0.1,0.001,1,1,1,0.0005,600,0.4,Adam
0.0,0.0,0.017308866529067764,E-CDE-VAE,100,0.1,0.001,1,1,1,0.0005,600,0.4,Adam
0.0,0.0,0.0,E-CDE-VAE,100,0.1,0.001,1,1,1,0.0005,600,0.4,Adam
0.0,0.0,0.0,E-CDE-VAE,100,0.1,0.001,1,1,1,0.0005,600,0.4,Adam
0.0,0.0,0.0,E-CDE-VAE,100,0.1,0.001,1,1,1,0.0005,600,0.4,Adam
0.0,0.0,0.0,E-CDE-VAE,100,0.1,0.001,1,1,1,0.0005,600,0.4,Adam
0.4966666666666666,0.4856349206349206,0.5105311585129695,E-CDE-VAE,100,0.1,0.001,1,1,1,0.0005,600,0.4,Adam
0.0,0.0,0.013975533195734432,E-CDE-VAE,100,0.1,0.001,1,1,1,0.0005,600,0.4,Adam
0.0,0.0,0.0,E-CDE-VAE,100,0.1,0.001,1,1,1,0.0005,600,0.4,Adam
0.0,0.0,0.0,E-CDE-VAE,100,0.1,0.001,1,1,1,0.0005,600,0.4,Adam
0.0,0.0,0.0,E-CDE-VAE,100,0.1,0.001,1,1,1,0.0005,600,0.4,Adam
0.0,0.0,0.0,E-CDE-VAE,100,0.1,0.001,1,1,1,0.0005,600,0.4,Adam
0.0,0.0,0.0,E-CDE-VAE,100,0.1,0.001,1,1,1,0.0005,600,0.4,Adam
0.0,0.0,0.0,E-CDE-VAE,100,0.1,0.001,1,1,1,0.0005,600,0.4,Adam
0.0,0.0,0.0,E-CDE-VAE,100,0.1,0.001,1,1,1,0.0005,600,0.4,Adam
0.0,0.0,0.0,E-CDE-VAE,100,0.1,0.001,1,1,1,0.0005,600,0.4,Adam
0.0,0.0,0.0,E-CDE-VAE,100,0.1,0.001,1,1,1,0.0005,600,0.4,Adam
0.0,0.0,0.0,E-CDE-VAE,100,0.1,0.001,1,1,1,0.0005,600,0.4,Adam
0.09,0.15746031746031747,0.15958283224343595,E-CDE-VAE,100,0.1,0.001,1,1,1,0.0005,600,0.4,Adam
0.0,0.0,0.0,E-CDE-VAE,100,0.1,0.001,1,1,1,0.0005,600,0.4,Adam
0.4966666666666666,0.4856349206349206,0.5105311585129695,E-CDE-VAE,100,0.1,0.001,1,1,1,0.0005,600,0.4,Adam
0.0,0.0,0.017308866529067764,E-CDE-VAE,100,0.1,0.001,1,1,1,0.0005,600,0.4,Adam
0.0,0.0,0.0,E-CDE-VAE,100,0.1,0.001,1,1,1,0.0005,600,0.4,Adam
0.0,0.0,0.017308866529067764,E-CDE-VAE,100,0.1,0.001,1,1,1,0.0005,600,0.4,Adam
0.0,0.0,0.017308866529067764,E-CDE-VAE,100,0.1,0.001,1,1,1,0.0005,600,0.4,Adam
0.0,0.0,0.0,E-CDE-VAE,100,0.1,0.001,1,1,1,0.0005,600,0.4,Adam
0.0,0.0,0.0,E-CDE-VAE,100,0.1,0.001,1,1,1,0.0005,600,0.4,Adam
0.0,0.0,0.0,E-CDE-VAE,100,0.1,0.001,1,1,1,0.0005,600,0.4,Adam
0.0,0.0,0.0,E-CDE-VAE,100,0.1,0.001,1,1,1,0.0005,600,0.4,Adam
0.0,0.0,0.0,E-CDE-VAE,100,0.1,0.001,1,1,1,0.0005,600,0.4,Adam
0.09,0.15746031746031747,0.15958283224343595,E-CDE-VAE,100,0.1,0.001,1,1,1,0.0005,600,0.4,Adam
0.0,0.0,0.013975533195734432,E-CDE-VAE,100,0.1,0.001,1,1,1,0.0005,600,0.4,Adam
0.0,0.0,0.0,E-CDE-VAE,100,0.1,0.001,1,1,1,0.0005,600,0.4,Adam
0.0,0.0,0.0,E-CDE-VAE,100,0.1,0.001,1,1,1,0.0005,600,0.4,Adam
0.0,0.0,0.0,E-CDE-VAE,100,0.1,0.001,1,1,1,0.0005,600,0.4,Adam
0.09,0.15746031746031747,0.15958283224343595,E-CDE-VAE,100,0.1,0.001,1,1,1,0.0005,600,0.4,Adam
0.0,0.0,0.0,E-CDE-VAE,100,0.1,0.001,1,1,1,0.0005,600,0.4,Adam
0.0,0.0,0.0,E-CDE-VAE,100,0.1,0.001,1,1,1,0.0005,600,0.4,Adam
0.0,0.0,0.0,E-CDE-VAE,100,0.1,0.001,1,1,1,0.0005,600,0.4,Adam
0.09,0.15746031746031747,0.15958283224343595,E-CDE-VAE,100,0.1,0.001,1,1,1,0.0005,600,0.4,Adam
0.4966666666666666,0.4856349206349206,0.5105311585129695,E-CDE-VAE,100,0.1,0.001,1,1,1,0.0005,600,0.4,Adam
0.0,0.0,0.0,E-CDE-VAE,100,0.1,0.001,1,1,1,0.0005,600,0.4,Adam
0.0,0.0,0.0,E-CDE-VAE,100,0.1,0.001,1,1,1,0.0005,600,0.4,Adam
0.0,0.0,0.0,E-CDE-VAE,100,0.1,0.001,1,1,1,0.0005,600,0.4,Adam
0.4966666666666666,0.4856349206349206,0.5105311585129695,E-CDE-VAE,100,0.1,0.001,1,1,1,0.0005,600,0.4,Adam
0.0,0.0,0.0,E-CDE-VAE,100,0.1,0.001,1,1,1,0.0005,600,0.4,Adam
0.0,0.0,0.0,E-CDE-VAE,100,0.1,0.001,1,1,1,0.0005,600,0.4,Adam
0.0,0.0,0.0,E-CDE-VAE,100,0.1,0.001,1,1,1,0.0005,600,0.4,Adam
0.0,0.0,0.0,E-CDE-VAE,100,0.1,0.001,1,1,1,0.0005,600,0.4,Adam
0.0,0.0,0.0,E-CDE-VAE,100,0.1,0.001,1,1,1,0.0005,600,0.4,Adam
0.0,0.0,0.0,E-CDE-VAE,100,0.1,0.001,1,1,1,0.0005,600,0.4,Adam
0.0,0.0,0.0,E-CDE-VAE,100,0.1,0.001,1,1,1,0.0005,600,0.4,Adam
0.4966666666666666,0.4856349206349206,0.5105311585129695,E-CDE-VAE,100,0.1,0.001,1,1,1,0.0005,600,0.4,Adam
0.0,0.0,0.0,E-CDE-VAE,100,0.1,0.001,1,1,1,0.0005,600,0.4,Adam
0.09,0.15746031746031747,0.15958283224343595,E-CDE-VAE,100,0.1,0.001,1,1,1,0.0005,600,0.4,Adam
0.0,0.0,0.0,E-CDE-VAE,100,0.1,0.001,1,1,1,0.0005,600,0.4,Adam
0.0,0.0,0.0,E-CDE-VAE,100,0.1,0.001,1,1,1,0.0005,600,0.4,Adam
0.09,0.15746031746031747,0.15958283224343595,E-CDE-VAE,100,0.1,0.001,1,1,1,0.0005,600,0.4,Adam
0.0,0.0,0.017308866529067764,E-CDE-VAE,100,0.1,0.001,1,1,1,0.0005,600,0.4,Adam
0.0,0.0,0.0,E-CDE-VAE,100,0.1,0.001,1,1,1,0.0005,600,0.4,Adam
0.0,0.0,0.0,E-CDE-VAE,100,0.1,0.001,1,1,1,0.0005,600,0.4,Adam
0.09,0.15746031746031747,0.15958283224343595,E-CDE-VAE,100,0.1,0.001,1,1,1,0.0005,600,0.4,Adam
0.0,0.0,0.0,E-CDE-VAE,100,0.1,0.001,1,1,1,0.0005,600,0.4,Adam
0.0,0.0,0.0,E-CDE-VAE,100,0.1,0.001,1,1,1,0.0005,600,0.4,Adam
0.0,0.0,0.0,E-CDE-VAE,100,0.1,0.001,1,1,1,0.0005,600,0.4,Adam
0.09,0.15746031746031747,0.15958283224343595,E-CDE-VAE,100,0.1,0.001,1,1,1,0.0005,600,0.4,Adam
0.0,0.0,0.013975533195734432,E-CDE-VAE,100,0.1,0.001,1,1,1,0.0005,600,0.4,Adam
0.0,0.0,0.0,E-CDE-VAE,100,0.1,0.001,1,1,1,0.0005,600,0.4,Adam
0.0,0.0,0.0,E-CDE-VAE,100,0.1,0.001,1,1,1,0.0005,600,0.4,Adam
0.0,0.0,0.0,E-CDE-VAE,100,0.1,0.001,1,1,1,0.0005,600,0.4,Adam
0.0,0.0,0.0,E-CDE-VAE,100,0.1,0.001,1,1,1,0.0005,600,0.4,Adam
0.0,0.0,0.0,E-CDE-VAE,100,0.1,0.001,1,1,1,0.0005,600,0.4,Adam
0.4966666666666666,0.4856349206349206,0.5105311585129695,E-CDE-VAE,100,0.1,0.001,1,1,1,0.0005,600,0.4,Adam
0.0,0.0,0.0,E-CDE-VAE,100,0.1,0.001,1,1,1,0.0005,600,0.4,Adam
0.0,0.0,0.0,E-CDE-VAE,100,0.1,0.001,1,1,1,0.0005,600,0.4,Adam
0.0,0.0,0.0,E-CDE-VAE,100,0.1,0.001,1,1,1,0.0005,600,0.4,Adam
0.09,0.15746031746031747,0.15958283224343595,E-CDE-VAE,100,0.1,0.001,1,1,1,0.0005,600,0.4,Adam
0.0,0.0,0.0,E-CDE-VAE,100,0.1,0.001,1,1,1,0.0005,600,0.4,Adam
0.0,0.0,0.0,E-CDE-VAE,100,0.1,0.001,1,1,1,0.0005,600,0.4,Adam
0.0,0.0,0.017308866529067764,E-CDE-VAE,100,0.1,0.001,1,1,1,0.0005,600,0.4,Adam
0.4966666666666666,0.4856349206349206,0.5105311585129695,E-CDE-VAE,100,0.1,0.001,1,1,1,0.0005,600,0.4,Adam
0.0,0.0,0.0,E-CDE-VAE,100,0.1,0.001,1,1,1,0.0005,600,0.4,Adam
0.4966666666666666,0.4856349206349206,0.5105311585129695,E-CDE-VAE,100,0.1,0.001,1,1,1,0.0005,600,0.4,Adam
0.4966666666666666,0.4856349206349206,0.5105311585129695,E-CDE-VAE,100,0.1,0.001,1,1,1,0.0005,600,0.4,Adam
0.4966666666666666,0.4856349206349206,0.5105311585129695,E-CDE-VAE,100,0.1,0.001,1,1,1,0.0005,600,0.4,Adam
0.0,0.0,0.0,E-CDE-VAE,100,0.1,0.001,1,1,1,0.0005,600,0.4,Adam
0.0,0.0,0.0,E-CDE-VAE,100,0.1,0.001,1,1,1,0.0005,600,0.4,Adam
0.0,0.0,0.017308866529067764,E-CDE-VAE,100,0.1,0.001,1,1,1,0.0005,600,0.4,Adam
0.0,0.0,0.0,E-CDE-VAE,100,0.1,0.001,1,1,1,0.0005,600,0.4,Adam
0.0,0.0,0.0,E-CDE-VAE,100,0.1,0.001,1,1,1,0.0005,600,0.4,Adam
0.0,0.0,0.017308866529067764,E-CDE-VAE,100,0.1,0.001,1,1,1,0.0005,600,0.4,Adam
0.0,0.0,0.0,E-CDE-VAE,100,0.1,0.001,1,1,1,0.0005,600,0.4,Adam
0.4966666666666666,0.4856349206349206,0.5105311585129695,E-CDE-VAE,100,0.1,0.001,1,1,1,0.0005,600,0.4,Adam
0.0,0.0,0.0,E-CDE-VAE,100,0.1,0.001,1,1,1,0.0005,600,0.4,Adam
0.09,0.15746031746031747,0.15958283224343595,E-CDE-VAE,100,0.1,0.001,1,1,1,0.0005,600,0.4,Adam
0.0,0.0,0.0,E-CDE-VAE,100,0.1,0.001,1,1,1,0.0005,600,0.4,Adam
0.0,0.0,0.0,E-CDE-VAE,100,0.1,0.001,1,1,1,0.0005,600,0.4,Adam
0.0,0.0,0.0,E-CDE-VAE,100,0.1,0.001,1,1,1,0.0005,600,0.4,Adam
0.0,0.0,0.0,E-CDE-VAE,100,0.1,0.001,1,1,1,0.0005,600,0.4,Adam
0.0,0.0,0.013975533195734432,E-CDE-VAE,100,0.1,0.001,1,1,1,0.0005,600,0.4,Adam
0.0,0.0,0.013975533195734432,E-CDE-VAE,100,0.1,0.001,1,1,1,0.0005,600,0.4,Adam
0.0,0.0,0.0,E-CDE-VAE,100,0.1,0.001,1,1,1,0.0005,600,0.4,Adam
0.09,0.15746031746031747,0.15958283224343595,E-CDE-VAE,100,0.1,0.001,1,1,1,0.0005,600,0.4,Adam
0.4966666666666666,0.4856349206349206,0.5105311585129695,E-CDE-VAE,100,0.1,0.001,1,1,1,0.0005,600,0.4,Adam
0.0,0.0,0.017308866529067764,E-CDE-VAE,100,0.1,0.001,1,1,1,0.0005,600,0.4,Adam
0.4966666666666666,0.4856349206349206,0.5105311585129695,E-CDE-VAE,100,0.1,0.001,1,1,1,0.0005,600,0.4,Adam
0.0,0.0,0.0,E-CDE-VAE,100,0.1,0.001,1,1,1,0.0005,600,0.4,Adam
0.0,0.0,0.0,E-CDE-VAE,100,0.1,0.001,1,1,1,0.0005,600,0.4,Adam
0.0,0.0,0.013975533195734432,E-CDE-VAE,100,0.1,0.001,1,1,1,0.0005,600,0.4,Adam
0.0,0.0,0.0,E-CDE-VAE,100,0.1,0.001,1,1,1,0.0005,600,0.4,Adam
0.0,0.0,0.0,E-CDE-VAE,100,0.1,0.001,1,1,1,0.0005,600,0.4,Adam
0.0,0.0,0.0,E-CDE-VAE,100,0.1,0.001,1,1,1,0.0005,600,0.4,Adam
0.4966666666666666,0.4856349206349206,0.5105311585129695,E-CDE-VAE,100,0.1,0.001,1,1,1,0.0005,600,0.4,Adam
0.0,0.0,0.0,E-CDE-VAE,100,0.1,0.001,1,1,1,0.0005,600,0.4,Adam
0.0,0.0,0.0,E-CDE-VAE,100,0.1,0.001,1,1,1,0.0005,600,0.4,Adam
0.0,0.0,0.013975533195734432,E-CDE-VAE,100,0.1,0.001,1,1,1,0.0005,600,0.4,Adam
0.0,0.0,0.017308866529067764,E-CDE-VAE,100,0.1,0.001,1,1,1,0.0005,600,0.4,Adam
0.0,0.0,0.0,E-CDE-VAE,100,0.1,0.001,1,1,1,0.0005,600,0.4,Adam
0.0,0.0,0.0,E-CDE-VAE,100,0.1,0.001,1,1,1,0.0005,600,0.4,Adam
0.0,0.0,0.0,E-CDE-VAE,100,0.1,0.001,1,1,1,0.0005,600,0.4,Adam
0.0,0.0,0.017308866529067764,E-CDE-VAE,100,0.1,0.001,1,1,1,0.0005,600,0.4,Adam
0.0,0.0,0.0,E-CDE-VAE,100,0.1,0.001,1,1,1,0.0005,600,0.4,Adam
0.0,0.0,0.0,E-CDE-VAE,100,0.1,0.001,1,1,1,0.0005,600,0.4,Adam
0.0,0.0,0.0,E-CDE-VAE,100,0.1,0.001,1,1,1,0.0005,600,0.4,Adam
0.0,0.0,0.0,E-CDE-VAE,100,0.1,0.001,1,1,1,0.0005,600,0.4,Adam
0.4966666666666666,0.4856349206349206,0.5105311585129695,E-CDE-VAE,100,0.1,0.001,1,1,1,0.0005,600,0.4,Adam
0.0,0.0,0.0,E-CDE-VAE,100,0.1,0.001,1,1,1,0.0005,600,0.4,Adam
0.0,0.0,0.013975533195734432,E-CDE-VAE,100,0.1,0.001,1,1,1,0.0005,600,0.4,Adam
0.0,0.0,0.017308866529067764,E-CDE-VAE,100,0.1,0.001,1,1,1,0.0005,600,0.4,Adam
0.0,0.0,0.017308866529067764,E-CDE-VAE,100,0.1,0.001,1,1,1,0.0005,600,0.4,Adam
0.0,0.0,0.0,E-CDE-VAE,100,0.1,0.001,1,1,1,0.0005,600,0.4,Adam
0.0,0.0,0.0,E-CDE-VAE,100,0.1,0.001,1,1,1,0.0005,600,0.4,Adam
0.0,0.0,0.0,E-CDE-VAE,100,0.1,0.001,1,1,1,0.0005,600,0.4,Adam
0.0,0.0,0.0,E-CDE-VAE,100,0.1,0.001,1,1,1,0.0005,600,0.4,Adam
0.0,0.0,0.0,E-CDE-VAE,100,0.1,0.001,1,1,1,0.0005,600,0.4,Adam
0.0,0.0,0.0,E-CDE-VAE,100,0.1,0.001,1,1,1,0.0005,600,0.4,Adam
0.0,0.0,0.0,E-CDE-VAE,100,0.1,0.001,1,1,1,0.0005,600,0.4,Adam
0.0,0.0,0.0,E-CDE-VAE,100,0.1,0.001,1,1,1,0.0005,600,0.4,Adam
0.4966666666666666,0.4856349206349206,0.5105311585129695,E-CDE-VAE,100,0.1,0.001,1,1,1,0.0005,600,0.4,Adam
0.09,0.15746031746031747,0.15958283224343595,E-CDE-VAE,100,0.1,0.001,1,1,1,0.0005,600,0.4,Adam
0.0,0.0,0.0,E-CDE-VAE,100,0.1,0.001,1,1,1,0.0005,600,0.4,Adam
0.0,0.0,0.0,E-CDE-VAE,100,0.1,0.001,1,1,1,0.0005,600,0.4,Adam
0.09,0.15746031746031747,0.15958283224343595,E-CDE-VAE,100,0.1,0.001,1,1,1,0.0005,600,0.4,Adam
0.4966666666666666,0.4856349206349206,0.5105311585129695,E-CDE-VAE,100,0.1,0.001,1,1,1,0.0005,600,0.4,Adam
0.0,0.0,0.0,E-CDE-VAE,100,0.1,0.001,1,1,1,0.0005,600,0.4,Adam
0.4966666666666666,0.4856349206349206,0.5105311585129695,E-CDE-VAE,100,0.1,0.001,1,1,1,0.0005,600,0.4,Adam
0.0,0.0,0.0,E-CDE-VAE,100,0.1,0.001,1,1,1,0.0005,600,0.4,Adam
0.0,0.0,0.0,E-CDE-VAE,100,0.1,0.001,1,1,1,0.0005,600,0.4,Adam
0.0,0.0,0.0,E-CDE-VAE,100,0.1,0.001,1,1,1,0.0005,600,0.4,Adam
0.0,0.0,0.017308866529067764,E-CDE-VAE,100,0.1,0.001,1,1,1,0.0005,600,0.4,Adam
0.0,0.0,0.017308866529067764,E-CDE-VAE,100,0.1,0.001,1,1,1,0.0005,600,0.4,Adam
0.0,0.0,0.0,E-CDE-VAE,100,0.1,0.001,1,1,1,0.0005,600,0.4,Adam
0.0,0.0,0.013975533195734432,E-CDE-VAE,100,0.1,0.001,1,1,1,0.0005,600,0.4,Adam
0.0,0.0,0.0,E-CDE-VAE,100,0.1,0.001,1,1,1,0.0005,600,0.4,Adam
0.0,0.0,0.0,E-CDE-VAE,100,0.1,0.001,1,1,1,0.0005,600,0.4,Adam
0.0,0.0,0.0,E-CDE-VAE,100,0.1,0.001,1,1,1,0.0005,600,0.4,Adam
0.0,0.0,0.0,E-CDE-VAE,100,0.1,0.001,1,1,1,0.0005,600,0.4,Adam
0.0,0.0,0.0,E-CDE-VAE,100,0.1,0.001,1,1,1,0.0005,600,0.4,Adam
0.4966666666666666,0.4856349206349206,0.5105311585129695,E-CDE-VAE,100,0.1,0.001,1,1,1,0.0005,600,0.4,Adam
0.0,0.0,0.0,E-CDE-VAE,100,0.1,0.001,1,1,1,0.0005,600,0.4,Adam
0.0,0.0,0.017308866529067764,E-CDE-VAE,100,0.1,0.001,1,1,1,0.0005,600,0.4,Adam
0.4966666666666666,0.4856349206349206,0.5105311585129695,E-CDE-VAE,100,0.1,0.001,1,1,1,0.0005,600,0.4,Adam
0.0,0.0,0.0,E-CDE-VAE,100,0.1,0.001,1,1,1,0.0005,600,0.4,Adam
0.0,0.0,0.0,E-CDE-VAE,100,0.1,0.001,1,1,1,0.0005,600,0.4,Adam
0.0,0.0,0.0,E-CDE-VAE,100,0.1,0.001,1,1,1,0.0005,600,0.4,Adam
0.0,0.0,0.0,E-CDE-VAE,100,0.1,0.001,1,1,1,0.0005,600,0.4,Adam
0.0,0.0,0.0,E-CDE-VAE,100,0.1,0.001,1,1,1,0.0005,600,0.4,Adam
0.0,0.0,0.0,E-CDE-VAE,100,0.1,0.001,1,1,1,0.0005,600,0.4,Adam
0.0,0.0,0.0,E-CDE-VAE,100,0.1,0.001,1,1,1,0.0005,600,0.4,Adam
0.09,0.15746031746031747,0.15958283224343595,E-CDE-VAE,100,0.1,0.001,1,1,1,0.0005,600,0.4,Adam
0.4966666666666666,0.4856349206349206,0.5105311585129695,E-CDE-VAE,100,0.1,0.001,1,1,1,0.0005,600,0.4,Adam
0.0,0.0,0.0,E-CDE-VAE,100,0.1,0.001,1,1,1,0.0005,600,0.4,Adam
0.0,0.0,0.0,E-CDE-VAE,100,0.1,0.001,1,1,1,0.0005,600,0.4,Adam
0.0,0.0,0.0,E-CDE-VAE,100,0.1,0.001,1,1,1,0.0005,600,0.4,Adam
0.0,0.0,0.0,E-CDE-VAE,100,0.1,0.001,1,1,1,0.0005,600,0.4,Adam
0.0,0.0,0.0,E-CDE-VAE,100,0.1,0.001,1,1,1,0.0005,600,0.4,Adam
0.0,0.0,0.0,E-CDE-VAE,100,0.1,0.001,1,1,1,0.0005,600,0.4,Adam
0.0,0.0,0.013975533195734432,E-CDE-VAE,100,0.1,0.001,1,1,1,0.0005,600,0.4,Adam
0.0,0.0,0.0,E-CDE-VAE,100,0.1,0.001,1,1,1,0.0005,600,0.4,Adam
0.0,0.0,0.0,E-CDE-VAE,100,0.1,0.001,1,1,1,0.0005,600,0.4,Adam
0.0,0.0,0.0,E-CDE-VAE,100,0.1,0.001,1,1,1,0.0005,600,0.4,Adam
0.0,0.0,0.0,E-CDE-VAE,100,0.1,0.001,1,1,1,0.0005,600,0.4,Adam
0.0,0.0,0.0,E-CDE-VAE,100,0.1,0.001,1,1,1,0.0005,600,0.4,Adam
0.0,0.0,0.013975533195734432,E-CDE-VAE,100,0.1,0.001,1,1,1,0.0005,600,0.4,Adam
0.4966666666666666,0.4856349206349206,0.5105311585129695,E-CDE-VAE,100,0.1,0.001,1,1,1,0.0005,600,0.4,Adam
0.0,0.0,0.0,E-CDE-VAE,100,0.1,0.001,1,1,1,0.0005,600,0.4,Adam
0.09,0.15746031746031747,0.15958283224343595,E-CDE-VAE,100,0.1,0.001,1,1,1,0.0005,600,0.4,Adam
0.0,0.0,0.013975533195734432,E-CDE-VAE,100,0.1,0.001,1,1,1,0.0005,600,0.4,Adam
0.4966666666666666,0.4856349206349206,0.5105311585129695,E-CDE-VAE,100,0.1,0.001,1,1,1,0.0005,600,0.4,Adam
0.0,0.0,0.013975533195734432,E-CDE-VAE,100,0.1,0.001,1,1,1,0.0005,600,0.4,Adam
0.0,0.0,0.017308866529067764,E-CDE-VAE,100,0.1,0.001,1,1,1,0.0005,600,0.4,Adam
0.0,0.0,0.0,E-CDE-VAE,100,0.1,0.001,1,1,1,0.0005,600,0.4,Adam
0.0,0.0,0.0,E-CDE-VAE,100,0.1,0.001,1,1,1,0.0005,600,0.4,Adam
0.0,0.0,0.0,E-CDE-VAE,100,0.1,0.001,1,1,1,0.0005,600,0.4,Adam
0.09,0.15746031746031747,0.15958283224343595,E-CDE-VAE,100,0.1,0.001,1,1,1,0.0005,600,0.4,Adam
0.0,0.0,0.0,E-CDE-VAE,100,0.1,0.001,1,1,1,0.0005,600,0.4,Adam
0.0,0.0,0.0,E-CDE-VAE,100,0.1,0.001,1,1,1,0.0005,600,0.4,Adam
0.0,0.0,0.0,E-CDE-VAE,100,0.1,0.001,1,1,1,0.0005,600,0.4,Adam
0.09,0.15746031746031747,0.15958283224343595,E-CDE-VAE,100,0.1,0.001,1,1,1,0.0005,600,0.4,Adam
0.0,0.0,0.013975533195734432,E-CDE-VAE,100,0.1,0.001,1,1,1,0.0005,600,0.4,Adam
0.0,0.0,0.0,E-CDE-VAE,100,0.1,0.001,1,1,1,0.0005,600,0.4,Adam
0.0,0.0,0.017308866529067764,E-CDE-VAE,100,0.1,0.001,1,1,1,0.0005,600,0.4,Adam
0.0,0.0,0.0,E-CDE-VAE,100,0.1,0.001,1,1,1,0.0005,600,0.4,Adam
0.0,0.0,0.017308866529067764,E-CDE-VAE,100,0.1,0.001,1,1,1,0.0005,600,0.4,Adam
0.0,0.0,0.0,E-CDE-VAE,100,0.1,0.001,1,1,1,0.0005,600,0.4,Adam
0.0,0.0,0.013975533195734432,E-CDE-VAE,100,0.1,0.001,1,1,1,0.0005,600,0.4,Adam
0.0,0.0,0.0,E-CDE-VAE,100,0.1,0.001,1,1,1,0.0005,600,0.4,Adam
0.0,0.0,0.0,E-CDE-VAE,100,0.1,0.001,1,1,1,0.0005,600,0.4,Adam
0.0,0.0,0.013975533195734432,E-CDE-VAE,100,0.1,0.001,1,1,1,0.0005,600,0.4,Adam
0.0,0.0,0.013975533195734432,E-CDE-VAE,100,0.1,0.001,1,1,1,0.0005,600,0.4,Adam
0.0,0.0,0.0,E-CDE-VAE,100,0.1,0.001,1,1,1,0.0005,600,0.4,Adam
0.4966666666666666,0.4856349206349206,0.5105311585129695,E-CDE-VAE,100,0.1,0.001,1,1,1,0.0005,600,0.4,Adam
0.0,0.0,0.0,E-CDE-VAE,100,0.1,0.001,1,1,1,0.0005,600,0.4,Adam
0.0,0.0,0.0,E-CDE-VAE,100,0.1,0.001,1,1,1,0.0005,600,0.4,Adam
0.0,0.0,0.0,E-CDE-VAE,100,0.1,0.001,1,1,1,0.0005,600,0.4,Adam
0.0,0.0,0.0,E-CDE-VAE,100,0.1,0.001,1,1,1,0.0005,600,0.4,Adam
0.0,0.0,0.0,E-CDE-VAE,100,0.1,0.001,1,1,1,0.0005,600,0.4,Adam
0.0,0.0,0.017308866529067764,E-CDE-VAE,100,0.1,0.001,1,1,1,0.0005,600,0.4,Adam
0.0,0.0,0.0,E-CDE-VAE,100,0.1,0.001,1,1,1,0.0005,600,0.4,Adam
0.0,0.0,0.013975533195734432,E-CDE-VAE,100,0.1,0.001,1,1,1,0.0005,600,0.4,Adam
0.0,0.0,0.0,E-CDE-VAE,100,0.1,0.001,1,1,1,0.0005,600,0.4,Adam
0.0,0.0,0.0,E-CDE-VAE,100,0.1,0.001,1,1,1,0.0005,600,0.4,Adam
0.0,0.0,0.0,E-CDE-VAE,100,0.1,0.001,1,1,1,0.0005,600,0.4,Adam
0.0,0.0,0.0,E-CDE-VAE,100,0.1,0.001,1,1,1,0.0005,600,0.4,Adam
0.4966666666666666,0.4856349206349206,0.5105311585129695,E-CDE-VAE,100,0.1,0.001,1,1,1,0.0005,600,0.4,Adam
0.0,0.0,0.0,E-CDE-VAE,100,0.1,0.001,1,1,1,0.0005,600,0.4,Adam
0.0,0.0,0.017308866529067764,E-CDE-VAE,100,0.1,0.001,1,1,1,0.0005,600,0.4,Adam
0.0,0.0,0.017308866529067764,E-CDE-VAE,100,0.1,0.001,1,1,1,0.0005,600,0.4,Adam
0.0,0.0,0.0,E-CDE-VAE,100,0.1,0.001,1,1,1,0.0005,600,0.4,Adam
0.0,0.0,0.0,E-CDE-VAE,100,0.1,0.001,1,1,1,0.0005,600,0.4,Adam
0.09,0.15746031746031747,0.15958283224343595,E-CDE-VAE,100,0.1,0.001,1,1,1,0.0005,600,0.4,Adam
0.0,0.0,0.017308866529067764,E-CDE-VAE,100,0.1,0.001,1,1,1,0.0005,600,0.4,Adam
0.0,0.0,0.0,E-CDE-VAE,100,0.1,0.001,1,1,1,0.0005,600,0.4,Adam
0.0,0.0,0.017308866529067764,E-CDE-VAE,100,0.1,0.001,1,1,1,0.0005,600,0.4,Adam
0.0,0.0,0.013975533195734432,E-CDE-VAE,100,0.1,0.001,1,1,1,0.0005,600,0.4,Adam
0.0,0.0,0.0,E-CDE-VAE,100,0.1,0.001,1,1,1,0.0005,600,0.4,Adam
0.0,0.0,0.0,E-CDE-VAE,100,0.1,0.001,1,1,1,0.0005,600,0.4,Adam
0.0,0.0,0.0,E-CDE-VAE,100,0.1,0.001,1,1,1,0.0005,600,0.4,Adam
0.4966666666666666,0.4856349206349206,0.5105311585129695,E-CDE-VAE,100,0.1,0.001,1,1,1,0.0005,600,0.4,Adam
0.0,0.0,0.0,E-CDE-VAE,100,0.1,0.001,1,1,1,0.0005,600,0.4,Adam
0.09,0.15746031746031747,0.15958283224343595,E-CDE-VAE,100,0.1,0.001,1,1,1,0.0005,600,0.4,Adam
0.0,0.0,0.0,E-CDE-VAE,100,0.1,0.001,1,1,1,0.0005,600,0.4,Adam
0.0,0.0,0.0,E-CDE-VAE,100,0.1,0.001,1,1,1,0.0005,600,0.4,Adam
0.0,0.0,0.0,E-CDE-VAE,100,0.1,0.001,1,1,1,0.0005,600,0.4,Adam
0.09,0.15746031746031747,0.15958283224343595,E-CDE-VAE,100,0.1,0.001,1,1,1,0.0005,600,0.4,Adam
0.0,0.0,0.0,E-CDE-VAE,100,0.1,0.001,1,1,1,0.0005,600,0.4,Adam
0.0,0.0,0.0,E-CDE-VAE,100,0.1,0.001,1,1,1,0.0005,600,0.4,Adam
0.0,0.0,0.0,E-CDE-VAE,100,0.1,0.001,1,1,1,0.0005,600,0.4,Adam
0.0,0.0,0.0,E-CDE-VAE,100,0.1,0.001,1,1,1,0.0005,600,0.4,Adam
0.0,0.0,0.0,E-CDE-VAE,100,0.1,0.001,1,1,1,0.0005,600,0.4,Adam
0.0,0.0,0.0,E-CDE-VAE,100,0.1,0.001,1,1,1,0.0005,600,0.4,Adam
0.4966666666666666,0.4856349206349206,0.5105311585129695,E-CDE-VAE,100,0.1,0.001,1,1,1,0.0005,600,0.4,Adam
0.0,0.0,0.0,E-CDE-VAE,100,0.1,0.001,1,1,1,0.0005,600,0.4,Adam
0.4966666666666666,0.4856349206349206,0.5105311585129695,E-CDE-VAE,100,0.1,0.001,1,1,1,0.0005,600,0.4,Adam
0.0,0.0,0.0,E-CDE-VAE,100,0.1,0.001,1,1,1,0.0005,600,0.4,Adam
0.0,0.0,0.0,E-CDE-VAE,100,0.1,0.001,1,1,1,0.0005,600,0.4,Adam
0.0,0.0,0.0,E-CDE-VAE,100,0.1,0.001,1,1,1,0.0005,600,0.4,Adam
0.0,0.0,0.0,E-CDE-VAE,100,0.1,0.001,1,1,1,0.0005,600,0.4,Adam
0.0,0.0,0.017308866529067764,E-CDE-VAE,100,0.1,0.001,1,1,1,0.0005,600,0.4,Adam
0.0,0.0,0.017308866529067764,E-CDE-VAE,100,0.1,0.001,1,1,1,0.0005,600,0.4,Adam
0.0,0.0,0.0,E-CDE-VAE,100,0.1,0.001,1,1,1,0.0005,600,0.4,Adam
0.4966666666666666,0.4856349206349206,0.5105311585129695,E-CDE-VAE,100,0.1,0.001,1,1,1,0.0005,600,0.4,Adam
0.0,0.0,0.0,E-CDE-VAE,100,0.1,0.001,1,1,1,0.0005,600,0.4,Adam
0.0,0.0,0.0,E-CDE-VAE,100,0.1,0.001,1,1,1,0.0005,600,0.4,Adam
0.0,0.0,0.0,E-CDE-VAE,100,0.1,0.001,1,1,1,0.0005,600,0.4,Adam
0.0,0.0,0.0,E-CDE-VAE,100,0.1,0.001,1,1,1,0.0005,600,0.4,Adam
0.0,0.0,0.0,E-CDE-VAE,100,0.1,0.001,1,1,1,0.0005,600,0.4,Adam
0.0,0.0,0.013975533195734432,E-CDE-VAE,100,0.1,0.001,1,1,1,0.0005,600,0.4,Adam
0.09,0.15746031746031747,0.15958283224343595,E-CDE-VAE,100,0.1,0.001,1,1,1,0.0005,600,0.4,Adam
0.0,0.0,0.0,E-CDE-VAE,100,0.1,0.001,1,1,1,0.0005,600,0.4,Adam
0.0,0.0,0.017308866529067764,E-CDE-VAE,100,0.1,0.001,1,1,1,0.0005,600,0.4,Adam
0.09,0.15746031746031747,0.15958283224343595,E-CDE-VAE,100,0.1,0.001,1,1,1,0.0005,600,0.4,Adam
0.09,0.15746031746031747,0.15958283224343595,E-CDE-VAE,100,0.1,0.001,1,1,1,0.0005,600,0.4,Adam
0.0,0.0,0.0,E-CDE-VAE,100,0.1,0.001,1,1,1,0.0005,600,0.4,Adam
0.0,0.0,0.017308866529067764,E-CDE-VAE,100,0.1,0.001,1,1,1,0.0005,600,0.4,Adam
0.0,0.0,0.0,E-CDE-VAE,100,0.1,0.001,1,1,1,0.0005,600,0.4,Adam
0.0,0.0,0.0,E-CDE-VAE,100,0.1,0.001,1,1,1,0.0005,600,0.4,Adam
0.0,0.0,0.0,E-CDE-VAE,100,0.1,0.001,1,1,1,0.0005,600,0.4,Adam
0.0,0.0,0.013975533195734432,E-CDE-VAE,100,0.1,0.001,1,1,1,0.0005,600,0.4,Adam
0.0,0.0,0.017308866529067764,E-CDE-VAE,100,0.1,0.001,1,1,1,0.0005,600,0.4,Adam
0.0,0.0,0.0,E-CDE-VAE,100,0.1,0.001,1,1,1,0.0005,600,0.4,Adam
0.0,0.0,0.013975533195734432,E-CDE-VAE,100,0.1,0.001,1,1,1,0.0005,600,0.4,Adam
0.0,0.0,0.0,E-CDE-VAE,100,0.1,0.001,1,1,1,0.0005,600,0.4,Adam
0.4966666666666666,0.4856349206349206,0.5105311585129695,E-CDE-VAE,100,0.1,0.001,1,1,1,0.0005,600,0.4,Adam
0.0,0.0,0.013975533195734432,E-CDE-VAE,100,0.1,0.001,1,1,1,0.0005,600,0.4,Adam
0.4966666666666666,0.4856349206349206,0.5105311585129695,E-CDE-VAE,100,0.1,0.001,1,1,1,0.0005,600,0.4,Adam
0.0,0.0,0.0,E-CDE-VAE,100,0.1,0.001,1,1,1,0.0005,600,0.4,Adam
0.0,0.0,0.017308866529067764,E-CDE-VAE,100,0.1,0.001,1,1,1,0.0005,600,0.4,Adam
0.0,0.0,0.017308866529067764,E-CDE-VAE,100,0.1,0.001,1,1,1,0.0005,600,0.4,Adam
0.0,0.0,0.0,E-CDE-VAE,100,0.1,0.001,1,1,1,0.0005,600,0.4,Adam
0.0,0.0,0.0,E-CDE-VAE,100,0.1,0.001,1,1,1,0.0005,600,0.4,Adam
0.09,0.15746031746031747,0.15958283224343595,E-CDE-VAE,100,0.1,0.001,1,1,1,0.0005,600,0.4,Adam
0.4966666666666666,0.4856349206349206,0.5105311585129695,E-CDE-VAE,100,0.1,0.001,1,1,1,0.0005,600,0.4,Adam
0.0,0.0,0.0,E-CDE-VAE,100,0.1,0.001,1,1,1,0.0005,600,0.4,Adam
0.0,0.0,0.0,E-CDE-VAE,100,0.1,0.001,1,1,1,0.0005,600,0.4,Adam
0.0,0.0,0.013975533195734432,E-CDE-VAE,100,0.1,0.001,1,1,1,0.0005,600,0.4,Adam
0.0,0.0,0.0,E-CDE-VAE,100,0.1,0.001,1,1,1,0.0005,600,0.4,Adam
0.0,0.0,0.0,E-CDE-VAE,100,0.1,0.001,1,1,1,0.0005,600,0.4,Adam
0.0,0.0,0.013975533195734432,E-CDE-VAE,100,0.1,0.001,1,1,1,0.0005,600,0.4,Adam
0.0,0.0,0.0,E-CDE-VAE,100,0.1,0.001,1,1,1,0.0005,600,0.4,Adam
0.0,0.0,0.0,E-CDE-VAE,100,0.1,0.001,1,1,1,0.0005,600,0.4,Adam
0.4966666666666666,0.4856349206349206,0.5105311585129695,E-CDE-VAE,100,0.1,0.001,1,1,1,0.0005,600,0.4,Adam
0.0,0.0,0.0,E-CDE-VAE,100,0.1,0.001,1,1,1,0.0005,600,0.4,Adam
0.0,0.0,0.0,E-CDE-VAE,100,0.1,0.001,1,1,1,0.0005,600,0.4,Adam
0.0,0.0,0.0,E-CDE-VAE,100,0.1,0.001,1,1,1,0.0005,600,0.4,Adam
0.0,0.0,0.0,E-CDE-VAE,100,0.1,0.001,1,1,1,0.0005,600,0.4,Adam
0.0,0.0,0.017308866529067764,E-CDE-VAE,100,0.1,0.001,1,1,1,0.0005,600,0.4,Adam
0.0,0.0,0.0,E-CDE-VAE,100,0.1,0.001,1,1,1,0.0005,600,0.4,Adam
0.0,0.0,0.0,E-CDE-VAE,100,0.1,0.001,1,1,1,0.0005,600,0.4,Adam
0.09,0.15746031746031747,0.15958283224343595,E-CDE-VAE,100,0.1,0.001,1,1,1,0.0005,600,0.4,Adam
0.0,0.0,0.0,E-CDE-VAE,100,0.1,0.001,1,1,1,0.0005,600,0.4,Adam
0.0,0.0,0.017308866529067764,E-CDE-VAE,100,0.1,0.001,1,1,1,0.0005,600,0.4,Adam
0.0,0.0,0.013975533195734432,E-CDE-VAE,100,0.1,0.001,1,1,1,0.0005,600,0.4,Adam
0.0,0.0,0.0,E-CDE-VAE,100,0.1,0.001,1,1,1,0.0005,600,0.4,Adam
0.0,0.0,0.0,E-CDE-VAE,100,0.1,0.001,1,1,1,0.0005,600,0.4,Adam
0.4966666666666666,0.4856349206349206,0.5105311585129695,E-CDE-VAE,100,0.1,0.001,1,1,1,0.0005,600,0.4,Adam
0.0,0.0,0.0,E-CDE-VAE,100,0.1,0.001,1,1,1,0.0005,600,0.4,Adam
0.4966666666666666,0.4856349206349206,0.5105311585129695,E-CDE-VAE,100,0.1,0.001,1,1,1,0.0005,600,0.4,Adam
0.0,0.0,0.0,E-CDE-VAE,100,0.1,0.001,1,1,1,0.0005,600,0.4,Adam
0.0,0.0,0.013975533195734432,E-CDE-VAE,100,0.1,0.001,1,1,1,0.0005,600,0.4,Adam
0.0,0.0,0.0,E-CDE-VAE,100,0.1,0.001,1,1,1,0.0005,600,0.4,Adam
0.0,0.0,0.0,E-CDE-VAE,100,0.1,0.001,1,1,1,0.0005,600,0.4,Adam
0.0,0.0,0.0,E-CDE-VAE,100,0.1,0.001,1,1,1,0.0005,600,0.4,Adam
0.0,0.0,0.0,E-CDE-VAE,100,0.1,0.001,1,1,1,0.0005,600,0.4,Adam
0.0,0.0,0.013975533195734432,E-CDE-VAE,100,0.1,0.001,1,1,1,0.0005,600,0.4,Adam
0.0,0.0,0.0,E-CDE-VAE,100,0.1,0.001,1,1,1,0.0005,600,0.4,Adam
0.09,0.15746031746031747,0.15958283224343595,E-CDE-VAE,100,0.1,0.001,1,1,1,0.0005,600,0.4,Adam
0.0,0.0,0.0,E-CDE-VAE,100,0.1,0.001,1,1,1,0.0005,600,0.4,Adam
0.0,0.0,0.0,E-CDE-VAE,100,0.1,0.001,1,1,1,0.0005,600,0.4,Adam
0.0,0.0,0.0,E-CDE-VAE,100,0.1,0.001,1,1,1,0.0005,600,0.4,Adam
0.0,0.0,0.0,E-CDE-VAE,100,0.1,0.001,1,1,1,0.0005,600,0.4,Adam
0.0,0.0,0.0,E-CDE-VAE,100,0.1,0.001,1,1,1,0.0005,600,0.4,Adam
0.0,0.0,0.0,E-CDE-VAE,100,0.1,0.001,1,1,1,0.0005,600,0.4,Adam
0.0,0.0,0.013975533195734432,E-CDE-VAE,100,0.1,0.001,1,1,1,0.0005,600,0.4,Adam
0.0,0.0,0.0,E-CDE-VAE,100,0.1,0.001,1,1,1,0.0005,600,0.4,Adam
0.0,0.0,0.0,E-CDE-VAE,100,0.1,0.001,1,1,1,0.0005,600,0.4,Adam
0.0,0.0,0.0,E-CDE-VAE,100,0.1,0.001,1,1,1,0.0005,600,0.4,Adam
0.09,0.15746031746031747,0.15958283224343595,E-CDE-VAE,100,0.1,0.001,1,1,1,0.0005,600,0.4,Adam
0.4966666666666666,0.4856349206349206,0.5105311585129695,E-CDE-VAE,100,0.1,0.001,1,1,1,0.0005,600,0.4,Adam
0.0,0.0,0.0,E-CDE-VAE,100,0.1,0.001,1,1,1,0.0005,600,0.4,Adam
0.09,0.15746031746031747,0.15958283224343595,E-CDE-VAE,100,0.1,0.001,1,1,1,0.0005,600,0.4,Adam
0.4966666666666666,0.4856349206349206,0.5105311585129695,E-CDE-VAE,100,0.1,0.001,1,1,1,0.0005,600,0.4,Adam
0.0,0.0,0.013975533195734432,E-CDE-VAE,100,0.1,0.001,1,1,1,0.0005,600,0.4,Adam
0.0,0.0,0.013975533195734432,E-CDE-VAE,100,0.1,0.001,1,1,1,0.0005,600,0.4,Adam
0.4966666666666666,0.4856349206349206,0.5105311585129695,E-CDE-VAE,100,0.1,0.001,1,1,1,0.0005,600,0.4,Adam
0.09,0.15746031746031747,0.15958283224343595,E-CDE-VAE,100,0.1,0.001,1,1,1,0.0005,600,0.4,Adam
0.0,0.0,0.0,E-CDE-VAE,100,0.1,0.001,1,1,1,0.0005,600,0.4,Adam
0.0,0.0,0.013975533195734432,E-CDE-VAE,100,0.1,0.001,1,1,1,0.0005,600,0.4,Adam
0.0,0.0,0.0,E-CDE-VAE,100,0.1,0.001,1,1,1,0.0005,600,0.4,Adam
0.0,0.0,0.0,E-CDE-VAE,100,0.1,0.001,1,1,1,0.0005,600,0.4,Adam
0.09,0.15746031746031747,0.15958283224343595,E-CDE-VAE,100,0.1,0.001,1,1,1,0.0005,600,0.4,Adam
0.4966666666666666,0.4856349206349206,0.5105311585129695,E-CDE-VAE,100,0.1,0.001,1,1,1,0.0005,600,0.4,Adam
0.0,0.0,0.0,E-CDE-VAE,100,0.1,0.001,1,1,1,0.0005,600,0.4,Adam
0.0,0.0,0.017308866529067764,E-CDE-VAE,100,0.1,0.001,1,1,1,0.0005,600,0.4,Adam
0.0,0.0,0.013975533195734432,E-CDE-VAE,100,0.1,0.001,1,1,1,0.0005,600,0.4,Adam
0.09,0.15746031746031747,0.15958283224343595,E-CDE-VAE,100,0.1,0.001,1,1,1,0.0005,600,0.4,Adam
0.0,0.0,0.0,E-CDE-VAE,100,0.1,0.001,1,1,1,0.0005,600,0.4,Adam
0.0,0.0,0.0,E-CDE-VAE,100,0.1,0.001,1,1,1,0.0005,600,0.4,Adam
0.0,0.0,0.0,E-CDE-VAE,100,0.1,0.001,1,1,1,0.0005,600,0.4,Adam
0.0,0.0,0.0,E-CDE-VAE,100,0.1,0.001,1,1,1,0.0005,600,0.4,Adam
0.0,0.0,0.017308866529067764,E-CDE-VAE,100,0.1,0.001,1,1,1,0.0005,600,0.4,Adam
0.0,0.0,0.017308866529067764,E-CDE-VAE,100,0.1,0.001,1,1,1,0.0005,600,0.4,Adam
0.4966666666666666,0.4856349206349206,0.5105311585129695,E-CDE-VAE,100,0.1,0.001,1,1,1,0.0005,600,0.4,Adam
0.0,0.0,0.0,E-CDE-VAE,100,0.1,0.001,1,1,1,0.0005,600,0.4,Adam
0.09,0.15746031746031747,0.15958283224343595,E-CDE-VAE,100,0.1,0.001,1,1,1,0.0005,600,0.4,Adam
0.0,0.0,0.0,E-CDE-VAE,100,0.1,0.001,1,1,1,0.0005,600,0.4,Adam
0.09,0.15746031746031747,0.15958283224343595,E-CDE-VAE,100,0.1,0.001,1,1,1,0.0005,600,0.4,Adam
0.0,0.0,0.0,E-CDE-VAE,100,0.1,0.001,1,1,1,0.0005,600,0.4,Adam
0.0,0.0,0.0,E-CDE-VAE,100,0.1,0.001,1,1,1,0.0005,600,0.4,Adam
0.0,0.0,0.0,E-CDE-VAE,100,0.1,0.001,1,1,1,0.0005,600,0.4,Adam
0.0,0.0,0.0,E-CDE-VAE,100,0.1,0.001,1,1,1,0.0005,600,0.4,Adam
0.0,0.0,0.0,E-CDE-VAE,100,0.1,0.001,1,1,1,0.0005,600,0.4,Adam
0.0,0.0,0.0,E-CDE-VAE,100,0.1,0.001,1,1,1,0.0005,600,0.4,Adam
0.0,0.0,0.0,E-CDE-VAE,100,0.1,0.001,1,1,1,0.0005,600,0.4,Adam
0.0,0.0,0.017308866529067764,E-CDE-VAE,100,0.1,0.001,1,1,1,0.0005,600,0.4,Adam
0.0,0.0,0.0,E-CDE-VAE,100,0.1,0.001,1,1,1,0.0005,600,0.4,Adam
0.0,0.0,0.013975533195734432,E-CDE-VAE,100,0.1,0.001,1,1,1,0.0005,600,0.4,Adam
0.0,0.0,0.017308866529067764,E-CDE-VAE,100,0.1,0.001,1,1,1,0.0005,600,0.4,Adam
0.0,0.0,0.0,E-CDE-VAE,100,0.1,0.001,1,1,1,0.0005,600,0.4,Adam
0.0,0.0,0.0,E-CDE-VAE,100,0.1,0.001,1,1,1,0.0005,600,0.4,Adam
0.0,0.0,0.0,E-CDE-VAE,100,0.1,0.001,1,1,1,0.0005,600,0.4,Adam
0.0,0.0,0.0,E-CDE-VAE,100,0.1,0.001,1,1,1,0.0005,600,0.4,Adam
0.09,0.15746031746031747,0.15958283224343595,E-CDE-VAE,100,0.1,0.001,1,1,1,0.0005,600,0.4,Adam
0.0,0.0,0.0,E-CDE-VAE,100,0.1,0.001,1,1,1,0.0005,600,0.4,Adam
0.0,0.0,0.017308866529067764,E-CDE-VAE,100,0.1,0.001,1,1,1,0.0005,600,0.4,Adam
0.0,0.0,0.0,E-CDE-VAE,100,0.1,0.001,1,1,1,0.0005,600,0.4,Adam
0.4966666666666666,0.4856349206349206,0.5105311585129695,E-CDE-VAE,100,0.1,0.001,1,1,1,0.0005,600,0.4,Adam
0.0,0.0,0.0,E-CDE-VAE,100,0.1,0.001,1,1,1,0.0005,600,0.4,Adam
0.4966666666666666,0.4856349206349206,0.5105311585129695,E-CDE-VAE,100,0.1,0.001,1,1,1,0.0005,600,0.4,Adam
0.0,0.0,0.0,E-CDE-VAE,100,0.1,0.001,1,1,1,0.0005,600,0.4,Adam
0.0,0.0,0.0,E-CDE-VAE,100,0.1,0.001,1,1,1,0.0005,600,0.4,Adam
0.4966666666666666,0.4856349206349206,0.5105311585129695,E-CDE-VAE,100,0.1,0.001,1,1,1,0.0005,600,0.4,Adam
0.0,0.0,0.0,E-CDE-VAE,100,0.1,0.001,1,1,1,0.0005,600,0.4,Adam
0.0,0.0,0.0,E-CDE-VAE,100,0.1,0.001,1,1,1,0.0005,600,0.4,Adam
0.0,0.0,0.0,E-CDE-VAE,100,0.1,0.001,1,1,1,0.0005,600,0.4,Adam
0.0,0.0,0.013975533195734432,E-CDE-VAE,100,0.1,0.001,1,1,1,0.0005,600,0.4,Adam
0.0,0.0,0.0,E-CDE-VAE,100,0.1,0.001,1,1,1,0.0005,600,0.4,Adam
0.09,0.15746031746031747,0.15958283224343595,E-CDE-VAE,100,0.1,0.001,1,1,1,0.0005,600,0.4,Adam
0.0,0.0,0.0,E-CDE-VAE,100,0.1,0.001,1,1,1,0.0005,600,0.4,Adam
0.0,0.0,0.0,E-CDE-VAE,100,0.1,0.001,1,1,1,0.0005,600,0.4,Adam
0.0,0.0,0.0,E-CDE-VAE,100,0.1,0.001,1,1,1,0.0005,600,0.4,Adam
0.09,0.15746031746031747,0.15958283224343595,E-CDE-VAE,100,0.1,0.001,1,1,1,0.0005,600,0.4,Adam
0.0,0.0,0.0,E-CDE-VAE,100,0.1,0.001,1,1,1,0.0005,600,0.4,Adam
0.0,0.0,0.0,E-CDE-VAE,100,0.1,0.001,1,1,1,0.0005,600,0.4,Adam
0.0,0.0,0.0,E-CDE-VAE,100,0.1,0.001,1,1,1,0.0005,600,0.4,Adam
0.0,0.0,0.0,E-CDE-VAE,100,0.1,0.001,1,1,1,0.0005,600,0.4,Adam
0.0,0.0,0.0,E-CDE-VAE,100,0.1,0.001,1,1,1,0.0005,600,0.4,Adam
0.0,0.0,0.0,E-CDE-VAE,100,0.1,0.001,1,1,1,0.0005,600,0.4,Adam
0.4966666666666666,0.4856349206349206,0.5105311585129695,E-CDE-VAE,100,0.1,0.001,1,1,1,0.0005,600,0.4,Adam
0.0,0.0,0.0,E-CDE-VAE,100,0.1,0.001,1,1,1,0.0005,600,0.4,Adam
0.09,0.15746031746031747,0.15958283224343595,E-CDE-VAE,100,0.1,0.001,1,1,1,0.0005,600,0.4,Adam
0.0,0.0,0.0,E-CDE-VAE,100,0.1,0.001,1,1,1,0.0005,600,0.4,Adam
0.0,0.0,0.013975533195734432,E-CDE-VAE,100,0.1,0.001,1,1,1,0.0005,600,0.4,Adam
0.0,0.0,0.013975533195734432,E-CDE-VAE,100,0.1,0.001,1,1,1,0.0005,600,0.4,Adam
0.0,0.0,0.013975533195734432,E-CDE-VAE,100,0.1,0.001,1,1,1,0.0005,600,0.4,Adam
0.0,0.0,0.0,E-CDE-VAE,100,0.1,0.001,1,1,1,0.0005,600,0.4,Adam
0.0,0.0,0.0,E-CDE-VAE,100,0.1,0.001,1,1,1,0.0005,600,0.4,Adam
0.0,0.0,0.0,E-CDE-VAE,100,0.1,0.001,1,1,1,0.0005,600,0.4,Adam
0.0,0.0,0.0,E-CDE-VAE,100,0.1,0.001,1,1,1,0.0005,600,0.4,Adam
0.4966666666666666,0.4856349206349206,0.5105311585129695,E-CDE-VAE,100,0.1,0.001,1,1,1,0.0005,600,0.4,Adam
0.0,0.0,0.0,E-CDE-VAE,100,0.1,0.001,1,1,1,0.0005,600,0.4,Adam
0.0,0.0,0.0,E-CDE-VAE,100,0.1,0.001,1,1,1,0.0005,600,0.4,Adam
0.0,0.0,0.017308866529067764,E-CDE-VAE,100,0.1,0.001,1,1,1,0.0005,600,0.4,Adam
0.0,0.0,0.0,E-CDE-VAE,100,0.1,0.001,1,1,1,0.0005,600,0.4,Adam
0.0,0.0,0.013975533195734432,E-CDE-VAE,100,0.1,0.001,1,1,1,0.0005,600,0.4,Adam
0.0,0.0,0.0,E-CDE-VAE,100,0.1,0.001,1,1,1,0.0005,600,0.4,Adam
0.0,0.0,0.0,E-CDE-VAE,100,0.1,0.001,1,1,1,0.0005,600,0.4,Adam
0.0,0.0,0.0,E-CDE-VAE,100,0.1,0.001,1,1,1,0.0005,600,0.4,Adam
0.4966666666666666,0.4856349206349206,0.5105311585129695,E-CDE-VAE,100,0.1,0.001,1,1,1,0.0005,600,0.4,Adam
0.09,0.15746031746031747,0.15958283224343595,E-CDE-VAE,100,0.1,0.001,1,1,1,0.0005,600,0.4,Adam
0.0,0.0,0.0,E-CDE-VAE,100,0.1,0.001,1,1,1,0.0005,600,0.4,Adam
0.0,0.0,0.013975533195734432,E-CDE-VAE,100,0.1,0.001,1,1,1,0.0005,600,0.4,Adam
0.0,0.0,0.0,E-CDE-VAE,100,0.1,0.001,1,1,1,0.0005,600,0.4,Adam
0.0,0.0,0.0,E-CDE-VAE,100,0.1,0.001,1,1,1,0.0005,600,0.4,Adam
0.4966666666666666,0.4856349206349206,0.5105311585129695,E-CDE-VAE,100,0.1,0.001,1,1,1,0.0005,600,0.4,Adam
0.0,0.0,0.0,E-CDE-VAE,100,0.1,0.001,1,1,1,0.0005,600,0.4,Adam
0.0,0.0,0.0,E-CDE-VAE,100,0.1,0.001,1,1,1,0.0005,600,0.4,Adam
0.09,0.15746031746031747,0.15958283224343595,E-CDE-VAE,100,0.1,0.001,1,1,1,0.0005,600,0.4,Adam
0.0,0.0,0.0,E-CDE-VAE,100,0.1,0.001,1,1,1,0.0005,600,0.4,Adam
0.0,0.0,0.0,E-CDE-VAE,100,0.1,0.001,1,1,1,0.0005,600,0.4,Adam
0.09,0.15746031746031747,0.15958283224343595,E-CDE-VAE,100,0.1,0.001,1,1,1,0.0005,600,0.4,Adam
0.0,0.0,0.017308866529067764,E-CDE-VAE,100,0.1,0.001,1,1,1,0.0005,600,0.4,Adam
0.09,0.15746031746031747,0.15958283224343595,E-CDE-VAE,100,0.1,0.001,1,1,1,0.0005,600,0.4,Adam
0.0,0.0,0.0,E-CDE-VAE,100,0.1,0.001,1,1,1,0.0005,600,0.4,Adam
0.0,0.0,0.0,E-CDE-VAE,100,0.1,0.001,1,1,1,0.0005,600,0.4,Adam
0.09,0.15746031746031747,0.15958283224343595,E-CDE-VAE,100,0.1,0.001,1,1,1,0.0005,600,0.4,Adam
0.4966666666666666,0.4856349206349206,0.5105311585129695,E-CDE-VAE,100,0.1,0.001,1,1,1,0.0005,600,0.4,Adam
0.0,0.0,0.017308866529067764,E-CDE-VAE,100,0.1,0.001,1,1,1,0.0005,600,0.4,Adam
0.0,0.0,0.0,E-CDE-VAE,100,0.1,0.001,1,1,1,0.0005,600,0.4,Adam
0.0,0.0,0.0,E-CDE-VAE,100,0.1,0.001,1,1,1,0.0005,600,0.4,Adam
0.0,0.0,0.0,E-CDE-VAE,100,0.1,0.001,1,1,1,0.0005,600,0.4,Adam
0.0,0.0,0.0,E-CDE-VAE,100,0.1,0.001,1,1,1,0.0005,600,0.4,Adam
0.0,0.0,0.0,E-CDE-VAE,100,0.1,0.001,1,1,1,0.0005,600,0.4,Adam
0.0,0.0,0.0,E-CDE-VAE,100,0.1,0.001,1,1,1,0.0005,600,0.4,Adam
0.09,0.15746031746031747,0.15958283224343595,E-CDE-VAE,100,0.1,0.001,1,1,1,0.0005,600,0.4,Adam
0.09,0.15746031746031747,0.15958283224343595,E-CDE-VAE,100,0.1,0.001,1,1,1,0.0005,600,0.4,Adam
0.09,0.15746031746031747,0.15958283224343595,E-CDE-VAE,100,0.1,0.001,1,1,1,0.0005,600,0.4,Adam
0.4966666666666666,0.4856349206349206,0.5105311585129695,E-CDE-VAE,100,0.1,0.001,1,1,1,0.0005,600,0.4,Adam
0.09,0.15746031746031747,0.15958283224343595,E-CDE-VAE,100,0.1,0.001,1,1,1,0.0005,600,0.4,Adam
0.09,0.15746031746031747,0.15958283224343595,E-CDE-VAE,100,0.1,0.001,1,1,1,0.0005,600,0.4,Adam
0.5466666666666666,0.40246031746031746,0.29283374799435175,E-CDE-VAE,100,1.0,0.001,1,1,1,0.0005,600,0.4,Adam
0.4966666666666666,0.5546428571428572,0.6481126024817976,E-CDE-VAE,100,1.0,0.001,1,1,1,0.0005,600,0.4,Adam
1.0,1.0,1.0,E-CDE-VAE,100,1.0,0.001,1,1,1,0.0005,600,0.4,Adam
1.0,0.966388888888889,0.818062806646398,E-CDE-VAE,100,1.0,0.001,1,1,1,0.0005,600,0.4,Adam
0.96,0.8675396825396826,0.8073401856141794,E-CDE-VAE,100,1.0,0.001,1,1,1,0.0005,600,0.4,Adam
0.9099999999999999,0.8568253968253968,0.7853318029150071,E-CDE-VAE,100,1.0,0.001,1,1,1,0.0005,600,0.4,Adam
0.4966666666666666,0.490079365079365,0.5814273740105782,E-CDE-VAE,100,1.0,0.001,1,1,1,0.0005,600,0.4,Adam
1.0,0.966388888888889,0.8959223131959201,E-CDE-VAE,100,1.0,0.001,1,1,1,0.0005,600,0.4,Adam
1.0,0.956388888888889,0.8288084702964733,E-CDE-VAE,100,1.0,0.001,1,1,1,0.0005,600,0.4,Adam
1.0,0.9043253968253968,0.7143920892489003,E-CDE-VAE,100,1.0,0.001,1,1,1,0.0005,600,0.4,Adam
1.0,1.0,0.9179435120263294,E-CDE-VAE,100,1.0,0.001,1,1,1,0.0005,600,0.4,Adam
0.6533333333333333,0.6018650793650794,0.5088339515661497,E-CDE-VAE,100,1.0,0.001,1,1,1,0.0005,600,0.4,Adam
0.09,0.27674603174603174,0.42997982968184206,E-CDE-VAE,100,1.0,0.001,1,1,1,0.0005,600,0.4,Adam
1.0,1.0,1.0,E-CDE-VAE,100,1.0,0.001,1,1,1,0.0005,600,0.4,Adam
0.2966666666666667,0.4446428571428571,0.586067147936343,E-CDE-VAE,100,1.0,0.001,1,1,1,0.0005,600,0.4,Adam
0.0,0.0815079365079365,0.20744880893100706,E-CDE-VAE,100,1.0,0.001,1,1,1,0.0005,600,0.4,Adam
0.04,0.09456349206349206,0.19843785063405808,E-CDE-VAE,100,1.0,0.001,1,1,1,0.0005,600,0.4,Adam
0.19666666666666666,0.4046428571428571,0.5634355689889746,E-CDE-VAE,100,1.0,0.001,1,1,1,0.0005,600,0.4,Adam
0.8433333333333334,0.7278174603174603,0.5948899533129408,E-CDE-VAE,100,1.0,0.001,1,1,1,0.0005,600,0.4,Adam
0.8433333333333334,0.8234920634920634,0.8013825525609581,E-CDE-VAE,100,1.0,0.001,1,1,1,0.0005,600,0.4,Adam
1.0,1.0,0.968606884386683,E-CDE-VAE,100,1.0,0.001,1,1,1,0.0005,600,0.4,Adam
0.5466666666666666,0.40246031746031746,0.3015458692064729,E-CDE-VAE,100,1.0,0.001,1,1,1,0.0005,600,0.4,Adam
1.0,1.0,1.0,E-CDE-VAE,100,1.0,0.001,1,1,1,0.0005,600,0.4,Adam
1.0,1.0,0.9546313511909489,E-CDE-VAE,100,1.0,0.001,1,1,1,0.0005,600,0.4,Adam
1.0,0.9184920634920637,0.7653247421223427,E-CDE-VAE,100,1.0,0.001,1,1,1,0.0005,600,0.4,Adam
1.0,0.9452777777777779,0.835770114603319,E-CDE-VAE,100,1.0,0.001,1,1,1,0.0005,600,0.4,Adam
0.7033333333333334,0.7125396825396825,0.711665027439021,E-CDE-VAE,100,1.0,0.001,1,1,1,0.0005,600,0.4,Adam
1.0,1.0,1.0,E-CDE-VAE,100,1.0,0.001,1,1,1,0.0005,600,0.4,Adam
0.6533333333333333,0.6764285714285714,0.6696041767829692,E-CDE-VAE,100,1.0,0.001,1,1,1,0.0005,600,0.4,Adam
0.8033333333333333,0.7389285714285714,0.736512769566175,E-CDE-VAE,100,1.0,0.001,1,1,1,0.0005,600,0.4,Adam
0.5866666666666667,0.6430952380952382,0.6277581624601748,E-CDE-VAE,100,1.0,0.001,1,1,1,0.0005,600,0.4,Adam
1.0,0.9043253968253968,0.7179635178203289,E-CDE-VAE,100,1.0,0.001,1,1,1,0.0005,600,0.4,Adam
0.25666666666666665,0.22400793650793646,0.2801287730157699,E-CDE-VAE,100,1.0,0.001,1,1,1,0.0005,600,0.4,Adam
0.25666666666666665,0.27440476190476193,0.24001809142869518,E-CDE-VAE,100,1.0,0.001,1,1,1,0.0005,600,0.4,Adam
0.0,0.043611111111111114,0.14823521121121738,E-CDE-VAE,100,1.0,0.001,1,1,1,0.0005,600,0.4,Adam
1.0,0.966388888888889,0.8938462898041072,E-CDE-VAE,100,1.0,0.001,1,1,1,0.0005,600,0.4,Adam
0.0,0.0,0.0,E-CDE-VAE,100,1.0,0.001,1,1,1,0.0005,600,0.4,Adam
0.13,0.28563492063492063,0.4540174973805005,E-CDE-VAE,100,1.0,0.001,1,1,1,0.0005,600,0.4,Adam
0.7033333333333334,0.7125396825396825,0.7051761252593295,E-CDE-VAE,100,1.0,0.001,1,1,1,0.0005,600,0.4,Adam
1.0,1.0,1.0,E-CDE-VAE,100,1.0,0.001,1,1,1,0.0005,600,0.4,Adam
0.5866666666666667,0.6305952380952381,0.620573564936955,E-CDE-VAE,100,1.0,0.001,1,1,1,0.0005,600,0.4,Adam
0.09,0.11956349206349207,0.21254212870892436,E-CDE-VAE,100,1.0,0.001,1,1,1,0.0005,600,0.4,Adam
0.5466666666666666,0.5696428571428571,0.6431577912111968,E-CDE-VAE,100,1.0,0.001,1,1,1,0.0005,600,0.4,Adam
0.4966666666666666,0.5546428571428572,0.6226868528358465,E-CDE-VAE,100,1.0,0.001,1,1,1,0.0005,600,0.4,Adam
0.6133333333333333,0.5273015873015873,0.5964579428569365,E-CDE-VAE,100,1.0,0.001,1,1,1,0.0005,600,0.4,Adam
0.25666666666666665,0.27440476190476193,0.24542744815384135,E-CDE-VAE,100,1.0,0.001,1,1,1,0.0005,600,0.4,Adam
1.0,0.966388888888889,0.8965084375978339,E-CDE-VAE,100,1.0,0.001,1,1,1,0.0005,600,0.4,Adam
0.0,0.0,0.0,E-CDE-VAE,100,1.0,0.001,1,1,1,0.0005,600,0.4,Adam
1.0,1.0,1.0,E-CDE-VAE,100,1.0,0.001,1,1,1,0.0005,600,0.4,Adam
1.0,1.0,1.0,E-CDE-VAE,100,1.0,0.001,1,1,1,0.0005,600,0.4,Adam
1.0,0.99,0.8819299912333969,E-CDE-VAE,100,1.0,0.001,1,1,1,0.0005,600,0.4,Adam
1.0,1.0,0.9891494668042654,E-CDE-VAE,100,1.0,0.001,1,1,1,0.0005,600,0.4,Adam
0.2966666666666667,0.31107142857142855,0.25585142476202855,E-CDE-VAE,100,1.0,0.001,1,1,1,0.0005,600,0.4,Adam
1.0,0.9452777777777779,0.835770114603319,E-CDE-VAE,100,1.0,0.001,1,1,1,0.0005,600,0.4,Adam
1.0,0.9184920634920637,0.7581477086295197,E-CDE-VAE,100,1.0,0.001,1,1,1,0.0005,600,0.4,Adam
1.0,0.968888888888889,0.9099357251795333,E-CDE-VAE,100,1.0,0.001,1,1,1,0.0005,600,0.4,Adam
0.4133333333333333,0.4003571428571429,0.30049428190488564,E-CDE-VAE,100,1.0,0.001,1,1,1,0.0005,600,0.4,Adam
0.96,0.8028174603174604,0.6510107973381967,E-CDE-VAE,100,1.0,0.001,1,1,1,0.0005,600,0.4,Adam
1.0,1.0,0.9492219944658025,E-CDE-VAE,100,1.0,0.001,1,1,1,0.0005,600,0.4,Adam
0.2966666666666667,0.43353174603174593,0.5544997183329226,E-CDE-VAE,100,1.0,0.001,1,1,1,0.0005,600,0.4,Adam
0.6533333333333333,0.6764285714285714,0.6837872363704405,E-CDE-VAE,100,1.0,0.001,1,1,1,0.0005,600,0.4,Adam
0.0,0.08567460317460318,0.19606942958142648,E-CDE-VAE,100,1.0,0.001,1,1,1,0.0005,600,0.4,Adam
0.5866666666666667,0.5081349206349206,0.5394605061690975,E-CDE-VAE,100,1.0,0.001,1,1,1,0.0005,600,0.4,Adam
0.2966666666666667,0.43353174603174593,0.547875786708991,E-CDE-VAE,100,1.0,0.001,1,1,1,0.0005,600,0.4,Adam
0.3466666666666667,0.3235714285714285,0.2621014247620285,E-CDE-VAE,100,1.0,0.001,1,1,1,0.0005,600,0.4,Adam
0.4966666666666666,0.521031746031746,0.6267615923807874,E-CDE-VAE,100,1.0,0.001,1,1,1,0.0005,600,0.4,Adam
1.0,1.0,1.0,E-CDE-VAE,100,1.0,0.001,1,1,1,0.0005,600,0.4,Adam
0.4133333333333333,0.4273015873015873,0.5464579428569365,E-CDE-VAE,100,1.0,0.001,1,1,1,0.0005,600,0.4,Adam
0.4133333333333333,0.43841269841269837,0.5468819194651238,E-CDE-VAE,100,1.0,0.001,1,1,1,0.0005,600,0.4,Adam
1.0,0.966388888888889,0.8938462898041072,E-CDE-VAE,100,1.0,0.001,1,1,1,0.0005,600,0.4,Adam
1.0,0.9084920634920636,0.7248407174181167,E-CDE-VAE,100,1.0,0.001,1,1,1,0.0005,600,0.4,Adam
1.0,1.0,1.0,E-CDE-VAE,100,1.0,0.001,1,1,1,0.0005,600,0.4,Adam
1.0,0.9452777777777779,0.8331385356559504,E-CDE-VAE,100,1.0,0.001,1,1,1,0.0005,600,0.4,Adam
0.6533333333333333,0.628531746031746,0.6120848080368204,E-CDE-VAE,100,1.0,0.001,1,1,1,0.0005,600,0.4,Adam
1.0,0.9354365079365079,0.8583231375607536,E-CDE-VAE,100,1.0,0.001,1,1,1,0.0005,600,0.4,Adam
1.0,0.99,0.8903554750632925,E-CDE-VAE,100,1.0,0.001,1,1,1,0.0005,600,0.4,Adam
0.45666666666666667,0.3785714285714285,0.3316367402377464,E-CDE-VAE,100,1.0,0.001,1,1,1,0.0005,600,0.4,Adam
1.0,1.0,1.0,E-CDE-VAE,100,1.0,0.001,1,1,1,0.0005,600,0.4,Adam
0.5466666666666666,0.40246031746031746,0.27601665577284773,E-CDE-VAE,100,1.0,0.001,1,1,1,0.0005,600,0.4,Adam
0.7033333333333334,0.7014285714285714,0.7023983474815516,E-CDE-VAE,100,1.0,0.001,1,1,1,0.0005,600,0.4,Adam
1.0,0.9788888888888889,0.8854586847620902,E-CDE-VAE,100,1.0,0.001,1,1,1,0.0005,600,0.4,Adam
0.5033333333333333,0.44535714285714284,0.3529519272437229,E-CDE-VAE,100,1.0,0.001,1,1,1,0.0005,600,0.4,Adam
0.0,0.08567460317460318,0.19606942958142648,E-CDE-VAE,100,1.0,0.001,1,1,1,0.0005,600,0.4,Adam
0.09,0.27674603174603174,0.4434619418249449,E-CDE-VAE,100,1.0,0.001,1,1,1,0.0005,600,0.4,Adam
0.9099999999999999,0.8468253968253968,0.7809620550158475,E-CDE-VAE,100,1.0,0.001,1,1,1,0.0005,600,0.4,Adam
1.0,1.0,0.941149239047846,E-CDE-VAE,100,1.0,0.001,1,1,1,0.0005,600,0.4,Adam
0.4966666666666666,0.490079365079365,0.585273527856732,E-CDE-VAE,100,1.0,0.001,1,1,1,0.0005,600,0.4,Adam
0.5866666666666667,0.6305952380952381,0.6201925774603794,E-CDE-VAE,100,1.0,0.001,1,1,1,0.0005,600,0.4,Adam
1.0,0.9084920634920636,0.7276184951958945,E-CDE-VAE,100,1.0,0.001,1,1,1,0.0005,600,0.4,Adam
0.0,0.03361111111111111,0.18550862192503056,E-CDE-VAE,100,1.0,0.001,1,1,1,0.0005,600,0.4,Adam
0.4533333333333333,0.5496428571428572,0.5910228582906601,E-CDE-VAE,100,1.0,0.001,1,1,1,0.0005,600,0.4,Adam
0.5466666666666666,0.48813492063492064,0.5330266826396857,E-CDE-VAE,100,1.0,0.001,1,1,1,0.0005,600,0.4,Adam
0.0,0.047896825396825396,0.19567521487800127,E-CDE-VAE,100,1.0,0.001,1,1,1,0.0005,600,0.4,Adam
0.0,0.03361111111111111,0.12592634468214964,E-CDE-VAE,100,1.0,0.001,1,1,1,0.0005,600,0.4,Adam
0.4133333333333333,0.4003571428571429,0.30049428190488564,E-CDE-VAE,100,1.0,0.001,1,1,1,0.0005,600,0.4,Adam
0.9099999999999999,0.7711507936507936,0.6188426234498217,E-CDE-VAE,100,1.0,0.001,1,1,1,0.0005,600,0.4,Adam
0.4966666666666666,0.37746031746031744,0.2890458692064729,E-CDE-VAE,100,1.0,0.001,1,1,1,0.0005,600,0.4,Adam
0.3466666666666667,0.3235714285714285,0.2621014247620285,E-CDE-VAE,100,1.0,0.001,1,1,1,0.0005,600,0.4,Adam
0.9099999999999999,0.7711507936507936,0.6213426234498216,E-CDE-VAE,100,1.0,0.001,1,1,1,0.0005,600,0.4,Adam
0.2966666666666667,0.31107142857142855,0.25585142476202855,E-CDE-VAE,100,1.0,0.001,1,1,1,0.0005,600,0.4,Adam
0.4133333333333333,0.431468253968254,0.5485412761902698,E-CDE-VAE,100,1.0,0.001,1,1,1,0.0005,600,0.4,Adam
0.4966666666666666,0.511031746031746,0.5584649943279973,E-CDE-VAE,100,1.0,0.001,1,1,1,0.0005,600,0.4,Adam
0.5866666666666667,0.6305952380952381,0.6156559825193726,E-CDE-VAE,100,1.0,0.001,1,1,1,0.0005,600,0.4,Adam
1.0,1.0,1.0,E-CDE-VAE,100,1.0,0.001,1,1,1,0.0005,600,0.4,Adam
0.3466666666666667,0.3235714285714285,0.2621014247620285,E-CDE-VAE,100,1.0,0.001,1,1,1,0.0005,600,0.4,Adam
1.0,0.9521031746031747,0.8590552067042004,E-CDE-VAE,100,1.0,0.001,1,1,1,0.0005,600,0.4,Adam
1.0,0.8328174603174603,0.6886678828996939,E-CDE-VAE,100,1.0,0.001,1,1,1,0.0005,600,0.4,Adam
0.0,0.08567460317460318,0.20765934186212825,E-CDE-VAE,100,1.0,0.001,1,1,1,0.0005,600,0.4,Adam
1.0,1.0,1.0,E-CDE-VAE,100,1.0,0.001,1,1,1,0.0005,600,0.4,Adam
0.6533333333333333,0.6539285714285714,0.6348004205976343,E-CDE-VAE,100,1.0,0.001,1,1,1,0.0005,600,0.4,Adam
0.96,0.8843253968253968,0.8220381214073165,E-CDE-VAE,100,1.0,0.001,1,1,1,0.0005,600,0.4,Adam
0.0,0.0815079365079365,0.2119942634764616,E-CDE-VAE,100,1.0,0.001,1,1,1,0.0005,600,0.4,Adam
0.0,0.07456349206349207,0.1406835809099741,E-CDE-VAE,100,1.0,0.001,1,1,1,0.0005,600,0.4,Adam
0.96,0.8675396825396826,0.8027947310687248,E-CDE-VAE,100,1.0,0.001,1,1,1,0.0005,600,0.4,Adam
1.0,1.0,0.8943475736509793,E-CDE-VAE,100,1.0,0.001,1,1,1,0.0005,600,0.4,Adam
0.0,0.0815079365079365,0.21369289164567803,E-CDE-VAE,100,1.0,0.001,1,1,1,0.0005,600,0.4,Adam
0.5466666666666666,0.5696428571428571,0.6402166147406084,E-CDE-VAE,100,1.0,0.001,1,1,1,0.0005,600,0.4,Adam
1.0,0.9354365079365079,0.8548885400375337,E-CDE-VAE,100,1.0,0.001,1,1,1,0.0005,600,0.4,Adam
1.0,1.0,0.9766197048995033,E-CDE-VAE,100,1.0,0.001,1,1,1,0.0005,600,0.4,Adam
0.0,0.0815079365079365,0.21702622497901136,E-CDE-VAE,100,1.0,0.001,1,1,1,0.0005,600,0.4,Adam
0.6133333333333333,0.5793650793650793,0.6312018101008039,E-CDE-VAE,100,1.0,0.001,1,1,1,0.0005,600,0.4,Adam
0.6533333333333333,0.585079365079365,0.5951429742857762,E-CDE-VAE,100,1.0,0.001,1,1,1,0.0005,600,0.4,Adam
0.0,0.0,0.0,E-CDE-VAE,100,1.0,0.001,1,1,1,0.0005,600,0.4,Adam
0.4966666666666666,0.5335317460317459,0.5874048483336407,E-CDE-VAE,100,1.0,0.001,1,1,1,0.0005,600,0.4,Adam
0.4966666666666666,0.5335317460317459,0.6330115923807875,E-CDE-VAE,100,1.0,0.001,1,1,1,0.0005,600,0.4,Adam
0.4966666666666666,0.523531746031746,0.5560028731158762,E-CDE-VAE,100,1.0,0.001,1,1,1,0.0005,600,0.4,Adam
0.0,0.11261904761904762,0.23733031631251444,E-CDE-VAE,100,1.0,0.001,1,1,1,0.0005,600,0.4,Adam
0.4966666666666666,0.4731349206349206,0.5219605061690975,E-CDE-VAE,100,1.0,0.001,1,1,1,0.0005,600,0.4,Adam
0.7033333333333334,0.7125396825396825,0.7085400274390211,E-CDE-VAE,100,1.0,0.001,1,1,1,0.0005,600,0.4,Adam
0.6133333333333333,0.531468253968254,0.5985412761902699,E-CDE-VAE,100,1.0,0.001,1,1,1,0.0005,600,0.4,Adam
0.2966666666666667,0.4446428571428571,0.5299103545233577,E-CDE-VAE,100,1.0,0.001,1,1,1,0.0005,600,0.4,Adam
0.0,0.047896825396825396,0.19484188154466792,E-CDE-VAE,100,1.0,0.001,1,1,1,0.0005,600,0.4,Adam
0.5866666666666667,0.6205952380952381,0.6177960412480537,E-CDE-VAE,100,1.0,0.001,1,1,1,0.0005,600,0.4,Adam
0.7033333333333334,0.6579761904761906,0.6493825051797188,E-CDE-VAE,100,1.0,0.001,1,1,1,0.0005,600,0.4,Adam
0.6133333333333333,0.5793650793650793,0.6312018101008039,E-CDE-VAE,100,1.0,0.001,1,1,1,0.0005,600,0.4,Adam
0.6133333333333333,0.6029761904761904,0.5873010041643943,E-CDE-VAE,100,1.0,0.001,1,1,1,0.0005,600,0.4,Adam
0.3466666666666667,0.3235714285714285,0.2621014247620285,E-CDE-VAE,100,1.0,0.001,1,1,1,0.0005,600,0.4,Adam
0.5866666666666667,0.6305952380952381,0.6235147414075433,E-CDE-VAE,100,1.0,0.001,1,1,1,0.0005,600,0.4,Adam
0.4966666666666666,0.5546428571428572,0.6481126024817976,E-CDE-VAE,100,1.0,0.001,1,1,1,0.0005,600,0.4,Adam
1.0,1.0,0.9727735510533495,E-CDE-VAE,100,1.0,0.001,1,1,1,0.0005,600,0.4,Adam
0.25666666666666665,0.3053571428571428,0.2529942819048857,E-CDE-VAE,100,1.0,0.001,1,1,1,0.0005,600,0.4,Adam
0.5466666666666666,0.40246031746031746,0.3015458692064729,E-CDE-VAE,100,1.0,0.001,1,1,1,0.0005,600,0.4,Adam
0.45666666666666667,0.4121825396825397,0.4642595134913246,E-CDE-VAE,100,1.0,0.001,1,1,1,0.0005,600,0.4,Adam
0.5466666666666666,0.40246031746031746,0.278957832243436,E-CDE-VAE,100,1.0,0.001,1,1,1,0.0005,600,0.4,Adam
0.6533333333333333,0.5993650793650793,0.6272262769050694,E-CDE-VAE,100,1.0,0.001,1,1,1,0.0005,600,0.4,Adam
1.0,1.0,1.0,E-CDE-VAE,100,1.0,0.001,1,1,1,0.0005,600,0.4,Adam
0.04,0.10567460317460317,0.2225143939308026,E-CDE-VAE,100,1.0,0.001,1,1,1,0.0005,600,0.4,Adam
0.2966666666666667,0.4446428571428571,0.54926467559788,E-CDE-VAE,100,1.0,0.001,1,1,1,0.0005,600,0.4,Adam
0.45666666666666667,0.42218253968253966,0.49423152462432657,E-CDE-VAE,100,1.0,0.001,1,1,1,0.0005,600,0.4,Adam
0.0,0.0,0.013975533195734432,E-CDE-VAE,100,1.0,0.001,1,1,1,0.0005,600,0.4,Adam
1.0,0.9143253968253969,0.8344065424599482,E-CDE-VAE,100,1.0,0.001,1,1,1,0.0005,600,0.4,Adam
0.9099999999999999,0.7878174603174604,0.6419542544658644,E-CDE-VAE,100,1.0,0.001,1,1,1,0.0005,600,0.4,Adam
1.0,1.0,0.9665614298412285,E-CDE-VAE,100,1.0,0.001,1,1,1,0.0005,600,0.4,Adam
0.45666666666666667,0.3674603174603174,0.3347933058943121,E-CDE-VAE,100,1.0,0.001,1,1,1,0.0005,600,0.4,Adam
0.0,0.0,0.024726448946650187,E-CDE-VAE,100,1.0,0.001,1,1,1,0.0005,600,0.4,Adam
0.7033333333333334,0.6578174603174602,0.5514250410322392,E-CDE-VAE,100,1.0,0.001,1,1,1,0.0005,600,0.4,Adam
1.0,0.9521031746031747,0.8901683449419519,E-CDE-VAE,100,1.0,0.001,1,1,1,0.0005,600,0.4,Adam
0.4966666666666666,0.49992063492063493,0.5284486014071927,E-CDE-VAE,100,1.0,0.001,1,1,1,0.0005,600,0.4,Adam
0.9099999999999999,0.8568253968253968,0.7893217019049061,E-CDE-VAE,100,1.0,0.001,1,1,1,0.0005,600,0.4,Adam
0.0,0.03361111111111111,0.12905134468214965,E-CDE-VAE,100,1.0,0.001,1,1,1,0.0005,600,0.4,Adam
0.19666666666666666,0.39464285714285713,0.5029021288309213,E-CDE-VAE,100,1.0,0.001,1,1,1,0.0005,600,0.4,Adam
0.4133333333333333,0.4273015873015873,0.5464579428569365,E-CDE-VAE,100,1.0,0.001,1,1,1,0.0005,600,0.4,Adam
0.9099999999999999,0.8568253968253968,0.7853318029150071,E-CDE-VAE,100,1.0,0.001,1,1,1,0.0005,600,0.4,Adam
0.4133333333333333,0.4273015873015873,0.5464579428569365,E-CDE-VAE,100,1.0,0.001,1,1,1,0.0005,600,0.4,Adam
1.0,1.0,0.8869299912333968,E-CDE-VAE,100,1.0,0.001,1,1,1,0.0005,600,0.4,Adam
1.0,0.966388888888889,0.9278709843647924,E-CDE-VAE,100,1.0,0.001,1,1,1,0.0005,600,0.4,Adam
0.0,0.08567460317460318,0.14623913646552963,E-CDE-VAE,100,1.0,0.001,1,1,1,0.0005,600,0.4,Adam
0.4133333333333333,0.4484126984126983,0.5343325040112965,E-CDE-VAE,100,1.0,0.001,1,1,1,0.0005,600,0.4,Adam
0.4533333333333333,0.5496428571428572,0.5811052758730777,E-CDE-VAE,100,1.0,0.001,1,1,1,0.0005,600,0.4,Adam
1.0,0.8873809523809524,0.7090501191275185,E-CDE-VAE,100,1.0,0.001,1,1,1,0.0005,600,0.4,Adam
0.5466666666666666,0.47146825396825404,0.5271933493063523,E-CDE-VAE,100,1.0,0.001,1,1,1,0.0005,600,0.4,Adam
0.5866666666666667,0.6305952380952381,0.6194627079147204,E-CDE-VAE,100,1.0,0.001,1,1,1,0.0005,600,0.4,Adam
0.09,0.13067460317460317,0.2186838086663938,E-CDE-VAE,100,1.0,0.001,1,1,1,0.0005,600,0.4,Adam
0.2966666666666667,0.31107142857142855,0.25585142476202855,E-CDE-VAE,100,1.0,0.001,1,1,1,0.0005,600,0.4,Adam
0.3866666666666666,0.5163095238095238,0.5648570796248815,E-CDE-VAE,100,1.0,0.001,1,1,1,0.0005,600,0.4,Adam
1.0,0.966388888888889,0.9337737621425702,E-CDE-VAE,100,1.0,0.001,1,1,1,0.0005,600,0.4,Adam
0.4966666666666666,0.5546428571428572,0.6471476902010957,E-CDE-VAE,100,1.0,0.001,1,1,1,0.0005,600,0.4,Adam
0.04,0.08456349206349206,0.18855003012123756,E-CDE-VAE,100,1.0,0.001,1,1,1,0.0005,600,0.4,Adam
0.8433333333333334,0.8023809523809524,0.7456988971211106,E-CDE-VAE,100,1.0,0.001,1,1,1,0.0005,600,0.4,Adam
0.5866666666666667,0.5081349206349206,0.5394605061690975,E-CDE-VAE,100,1.0,0.001,1,1,1,0.0005,600,0.4,Adam
1.0,0.9184920634920637,0.7653247421223427,E-CDE-VAE,100,1.0,0.001,1,1,1,0.0005,600,0.4,Adam
0.0,0.0,0.039193756449948394,E-CDE-VAE,100,1.0,0.001,1,1,1,0.0005,600,0.4,Adam
0.4133333333333333,0.4273015873015873,0.5464579428569365,E-CDE-VAE,100,1.0,0.001,1,1,1,0.0005,600,0.4,Adam
1.0,0.966388888888889,0.8770291975826032,E-CDE-VAE,100,1.0,0.001,1,1,1,0.0005,600,0.4,Adam
0.9099999999999999,0.8357142857142857,0.7674971427351458,E-CDE-VAE,100,1.0,0.001,1,1,1,0.0005,600,0.4,Adam
0.15666666666666665,0.1740079365079365,0.24270552740173482,E-CDE-VAE,100,1.0,0.001,1,1,1,0.0005,600,0.4,Adam
0.6133333333333333,0.5273015873015873,0.5964579428569365,E-CDE-VAE,100,1.0,0.001,1,1,1,0.0005,600,0.4,Adam
1.0,0.966388888888889,0.9309959843647924,E-CDE-VAE,100,1.0,0.001,1,1,1,0.0005,600,0.4,Adam
0.6133333333333333,0.5484126984126984,0.6115589529579467,E-CDE-VAE,100,1.0,0.001,1,1,1,0.0005,600,0.4,Adam
0.0,0.03361111111111111,0.18193719335360198,E-CDE-VAE,100,1.0,0.001,1,1,1,0.0005,600,0.4,Adam
1.0,1.0,1.0,E-CDE-VAE,100,1.0,0.001,1,1,1,0.0005,600,0.4,Adam
0.5866666666666667,0.6430952380952382,0.6257127079147203,E-CDE-VAE,100,1.0,0.001,1,1,1,0.0005,600,0.4,Adam
0.45666666666666667,0.42218253968253966,0.4738049680367792,E-CDE-VAE,100,1.0,0.001,1,1,1,0.0005,600,0.4,Adam
0.0,0.0815079365079365,0.21702622497901136,E-CDE-VAE,100,1.0,0.001,1,1,1,0.0005,600,0.4,Adam
0.5466666666666666,0.5249206349206349,0.5680410177198102,E-CDE-VAE,100,1.0,0.001,1,1,1,0.0005,600,0.4,Adam
0.7033333333333334,0.7125396825396825,0.7085400274390211,E-CDE-VAE,100,1.0,0.001,1,1,1,0.0005,600,0.4,Adam
0.0,0.11246031746031745,0.21196228672428363,E-CDE-VAE,100,1.0,0.001,1,1,1,0.0005,600,0.4,Adam
0.19666666666666666,0.4046428571428571,0.5577166147406085,E-CDE-VAE,100,1.0,0.001,1,1,1,0.0005,600,0.4,Adam
0.6133333333333333,0.5793650793650793,0.5744908537884544,E-CDE-VAE,100,1.0,0.001,1,1,1,0.0005,600,0.4,Adam
1.0,1.0,1.0,E-CDE-VAE,100,1.0,0.001,1,1,1,0.0005,600,0.4,Adam
0.9099999999999999,0.8357142857142857,0.7674971427351458,E-CDE-VAE,100,1.0,0.001,1,1,1,0.0005,600,0.4,Adam
0.04,0.2617460317460317,0.43119195089396334,E-CDE-VAE,100,1.0,0.001,1,1,1,0.0005,600,0.4,Adam
0.2966666666666667,0.43353174603174593,0.5830115923807875,E-CDE-VAE,100,1.0,0.001,1,1,1,0.0005,600,0.4,Adam
0.96,0.894325396825397,0.8132032808522744,E-CDE-VAE,100,1.0,0.001,1,1,1,0.0005,600,0.4,Adam
0.13,0.2588492063492064,0.44919081670823163,E-CDE-VAE,100,1.0,0.001,1,1,1,0.0005,600,0.4,Adam
0.6533333333333333,0.585079365079365,0.58723361756063,E-CDE-VAE,100,1.0,0.001,1,1,1,0.0005,600,0.4,Adam
1.0,1.0,0.9123901560685617,E-CDE-VAE,100,1.0,0.001,1,1,1,0.0005,600,0.4,Adam
0.5466666666666666,0.5106349206349206,0.5373771728357642,E-CDE-VAE,100,1.0,0.001,1,1,1,0.0005,600,0.4,Adam
0.5866666666666667,0.6305952380952381,0.6131559825193726,E-CDE-VAE,100,1.0,0.001,1,1,1,0.0005,600,0.4,Adam
0.45666666666666667,0.42218253968253966,0.49423152462432657,E-CDE-VAE,100,1.0,0.001,1,1,1,0.0005,600,0.4,Adam
0.4133333333333333,0.43841269841269837,0.5495134984124921,E-CDE-VAE,100,1.0,0.001,1,1,1,0.0005,600,0.4,Adam
0.4133333333333333,0.43841269841269837,0.5468819194651238,E-CDE-VAE,100,1.0,0.001,1,1,1,0.0005,600,0.4,Adam
0.0,0.05472222222222223,0.14892234571414137,E-CDE-VAE,100,1.0,0.001,1,1,1,0.0005,600,0.4,Adam
0.6133333333333333,0.6129761904761905,0.643944162777367,E-CDE-VAE,100,1.0,0.001,1,1,1,0.0005,600,0.4,Adam
1.0,0.9354365079365079,0.8587009286293341,E-CDE-VAE,100,1.0,0.001,1,1,1,0.0005,600,0.4,Adam
0.8433333333333334,0.8234920634920634,0.7844138524014684,E-CDE-VAE,100,1.0,0.001,1,1,1,0.0005,600,0.4,Adam
0.09,0.27674603174603174,0.4434619418249449,E-CDE-VAE,100,1.0,0.001,1,1,1,0.0005,600,0.4,Adam
0.4533333333333333,0.5496428571428572,0.5873370506342642,E-CDE-VAE,100,1.0,0.001,1,1,1,0.0005,600,0.4,Adam
1.0,0.9521031746031747,0.8657218733708671,E-CDE-VAE,100,1.0,0.001,1,1,1,0.0005,600,0.4,Adam
1.0,1.0,0.9640614298412284,E-CDE-VAE,100,1.0,0.001,1,1,1,0.0005,600,0.4,Adam
0.6133333333333333,0.5918650793650793,0.5937514747034871,E-CDE-VAE,100,1.0,0.001,1,1,1,0.0005,600,0.4,Adam
1.0,0.966388888888889,0.9306487621425703,E-CDE-VAE,100,1.0,0.001,1,1,1,0.0005,600,0.4,Adam
0.5466666666666666,0.40246031746031746,0.3015458692064729,E-CDE-VAE,100,1.0,0.001,1,1,1,0.0005,600,0.4,Adam
0.6533333333333333,0.6875396825396825,0.7022521486511424,E-CDE-VAE,100,1.0,0.001,1,1,1,0.0005,600,0.4,Adam
0.09,0.11956349206349207,0.2151737076562928,E-CDE-VAE,100,1.0,0.001,1,1,1,0.0005,600,0.4,Adam
1.0,1.0,0.895736462539868,E-CDE-VAE,100,1.0,0.001,1,1,1,0.0005,600,0.4,Adam
0.2966666666666667,0.32535714285714284,0.26299428190488566,E-CDE-VAE,100,1.0,0.001,1,1,1,0.0005,600,0.4,Adam
0.2966666666666667,0.4446428571428571,0.5299103545233577,E-CDE-VAE,100,1.0,0.001,1,1,1,0.0005,600,0.4,Adam
1.0,1.0,1.0,E-CDE-VAE,100,1.0,0.001,1,1,1,0.0005,600,0.4,Adam
1.0,0.966388888888889,0.8938462898041072,E-CDE-VAE,100,1.0,0.001,1,1,1,0.0005,600,0.4,Adam
0.2966666666666667,0.4446428571428571,0.586067147936343,E-CDE-VAE,100,1.0,0.001,1,1,1,0.0005,600,0.4,Adam
0.4966666666666666,0.468968253968254,0.5333700454172591,E-CDE-VAE,100,1.0,0.001,1,1,1,0.0005,600,0.4,Adam
1.0,1.0,0.9835244668042653,E-CDE-VAE,100,1.0,0.001,1,1,1,0.0005,600,0.4,Adam
1.0,0.966388888888889,0.9043872254766218,E-CDE-VAE,100,1.0,0.001,1,1,1,0.0005,600,0.4,Adam
0.3466666666666667,0.31246031746031744,0.25654586920647293,E-CDE-VAE,100,1.0,0.001,1,1,1,0.0005,600,0.4,Adam
0.6133333333333333,0.5918650793650793,0.6304474307512232,E-CDE-VAE,100,1.0,0.001,1,1,1,0.0005,600,0.4,Adam
1.0,1.0,1.0,E-CDE-VAE,100,1.0,0.001,1,1,1,0.0005,600,0.4,Adam
1.0,1.0,0.9353159057145126,E-CDE-VAE,100,1.0,0.001,1,1,1,0.0005,600,0.4,Adam
1.0,0.966388888888889,0.8905129564707739,E-CDE-VAE,100,1.0,0.001,1,1,1,0.0005,600,0.4,Adam
0.4133333333333333,0.4003571428571429,0.30049428190488564,E-CDE-VAE,100,1.0,0.001,1,1,1,0.0005,600,0.4,Adam
0.04,0.18273809523809523,0.20253529129109626,E-CDE-VAE,100,1.0,0.001,1,1,1,0.0005,600,0.4,Adam
0.5466666666666666,0.40246031746031746,0.3015458692064729,E-CDE-VAE,100,1.0,0.001,1,1,1,0.0005,600,0.4,Adam
0.4133333333333333,0.431468253968254,0.5485412761902698,E-CDE-VAE,100,1.0,0.001,1,1,1,0.0005,600,0.4,Adam
1.0,0.956388888888889,0.9061857251795333,E-CDE-VAE,100,1.0,0.001,1,1,1,0.0005,600,0.4,Adam
1.0,0.966388888888889,0.9309959843647924,E-CDE-VAE,100,1.0,0.001,1,1,1,0.0005,600,0.4,Adam
0.4133333333333333,0.4484126984126983,0.544250086428879,E-CDE-VAE,100,1.0,0.001,1,1,1,0.0005,600,0.4,Adam
0.5866666666666667,0.5951984126984126,0.5912514747034872,E-CDE-VAE,100,1.0,0.001,1,1,1,0.0005,600,0.4,Adam
0.96,0.7929761904761905,0.6484530772804765,E-CDE-VAE,100,1.0,0.001,1,1,1,0.0005,600,0.4,Adam
0.0,0.05789682539682539,0.13512802535441854,E-CDE-VAE,100,1.0,0.001,1,1,1,0.0005,600,0.4,Adam
1.0,1.0,1.0,E-CDE-VAE,100,1.0,0.001,1,1,1,0.0005,600,0.4,Adam
0.04,0.08456349206349206,0.19343785063405808,E-CDE-VAE,100,1.0,0.001,1,1,1,0.0005,600,0.4,Adam
1.0,1.0,1.0,E-CDE-VAE,100,1.0,0.001,1,1,1,0.0005,600,0.4,Adam
1.0,1.0,1.0,E-CDE-VAE,100,1.0,0.001,1,1,1,0.0005,600,0.4,Adam
1.0,1.0,0.9366037845023915,E-CDE-VAE,100,1.0,0.001,1,1,1,0.0005,600,0.4,Adam
0.0,0.0,0.017308866529067764,E-CDE-VAE,100,1.0,0.001,1,1,1,0.0005,600,0.4,Adam
1.0,1.0,1.0,E-CDE-VAE,100,1.0,0.001,1,1,1,0.0005,600,0.4,Adam
0.0,0.0,0.039193756449948394,E-CDE-VAE,100,1.0,0.001,1,1,1,0.0005,600,0.4,Adam
0.0,0.08567460317460318,0.20269641370841063,E-CDE-VAE,100,1.0,0.001,1,1,1,0.0005,600,0.4,Adam
0.9099999999999999,0.8568253968253968,0.7881095806927849,E-CDE-VAE,100,1.0,0.001,1,1,1,0.0005,600,0.4,Adam
0.0,0.0,0.0,E-CDE-VAE,100,1.0,0.001,1,1,1,0.0005,600,0.4,Adam
0.13,0.2731349206349206,0.45206574299453556,E-CDE-VAE,100,1.0,0.001,1,1,1,0.0005,600,0.4,Adam
1.0,0.9452777777777779,0.835770114603319,E-CDE-VAE,100,1.0,0.001,1,1,1,0.0005,600,0.4,Adam
0.5466666666666666,0.481468253968254,0.5192224109310023,E-CDE-VAE,100,1.0,0.001,1,1,1,0.0005,600,0.4,Adam
1.0,0.9309920634920636,0.8342522574604617,E-CDE-VAE,100,1.0,0.001,1,1,1,0.0005,600,0.4,Adam
1.0,1.0,1.0,E-CDE-VAE,100,1.0,0.001,1,1,1,0.0005,600,0.4,Adam
0.7033333333333334,0.643531746031746,0.5324450626772608,E-CDE-VAE,100,1.0,0.001,1,1,1,0.0005,600,0.4,Adam
0.0,0.09817460317460318,0.20481942958142646,E-CDE-VAE,100,1.0,0.001,1,1,1,0.0005,600,0.4,Adam
1.0,1.0,1.0,E-CDE-VAE,100,1.0,0.001,1,1,1,0.0005,600,0.4,Adam
0.6533333333333333,0.5993650793650793,0.598466386984189,E-CDE-VAE,100,1.0,0.001,1,1,1,0.0005,600,0.4,Adam
0.5466666666666666,0.481468253968254,0.5261271728357642,E-CDE-VAE,100,1.0,0.001,1,1,1,0.0005,600,0.4,Adam
0.0,0.0815079365079365,0.2130626395448377,E-CDE-VAE,100,1.0,0.001,1,1,1,0.0005,600,0.4,Adam
0.5866666666666667,0.5951984126984126,0.5954181413701537,E-CDE-VAE,100,1.0,0.001,1,1,1,0.0005,600,0.4,Adam
0.6133333333333333,0.5918650793650793,0.5937514747034871,E-CDE-VAE,100,1.0,0.001,1,1,1,0.0005,600,0.4,Adam
0.0,0.07456349206349207,0.18773609624809315,E-CDE-VAE,100,1.0,0.001,1,1,1,0.0005,600,0.4,Adam
0.2966666666666667,0.43353174603174593,0.5830115923807875,E-CDE-VAE,100,1.0,0.001,1,1,1,0.0005,600,0.4,Adam
0.5466666666666666,0.4981349206349206,0.5450721371851402,E-CDE-VAE,100,1.0,0.001,1,1,1,0.0005,600,0.4,Adam
0.5466666666666666,0.40246031746031746,0.27851665577284773,E-CDE-VAE,100,1.0,0.001,1,1,1,0.0005,600,0.4,Adam
1.0,1.0,0.895736462539868,E-CDE-VAE,100,1.0,0.001,1,1,1,0.0005,600,0.4,Adam
0.5466666666666666,0.40246031746031746,0.29283374799435175,E-CDE-VAE,100,1.0,0.001,1,1,1,0.0005,600,0.4,Adam
1.0,1.0,0.9665614298412285,E-CDE-VAE,100,1.0,0.001,1,1,1,0.0005,600,0.4,Adam
0.6533333333333333,0.6118650793650794,0.6062514747034872,E-CDE-VAE,100,1.0,0.001,1,1,1,0.0005,600,0.4,Adam
0.3466666666666667,0.3360714285714285,0.26835142476202856,E-CDE-VAE,100,1.0,0.001,1,1,1,0.0005,600,0.4,Adam
0.4533333333333333,0.5496428571428572,0.5906703839675975,E-CDE-VAE,100,1.0,0.001,1,1,1,0.0005,600,0.4,Adam
0.4133333333333333,0.4003571428571429,0.30562586085225407,E-CDE-VAE,100,1.0,0.001,1,1,1,0.0005,600,0.4,Adam
0.0,0.05472222222222223,0.13544023357103852,E-CDE-VAE,100,1.0,0.001,1,1,1,0.0005,600,0.4,Adam
1.0,0.9521031746031747,0.850663598312592,E-CDE-VAE,100,1.0,0.001,1,1,1,0.0005,600,0.4,Adam
0.0,0.03361111111111111,0.18550862192503056,E-CDE-VAE,100,1.0,0.001,1,1,1,0.0005,600,0.4,Adam
0.0,0.10261904761904761,0.23233031631251447,E-CDE-VAE,100,1.0,0.001,1,1,1,0.0005,600,0.4,Adam
0.5466666666666666,0.546031746031746,0.6392615923807875,E-CDE-VAE,100,1.0,0.001,1,1,1,0.0005,600,0.4,Adam
1.0,1.0,0.891056975360381,E-CDE-VAE,100,1.0,0.001,1,1,1,0.0005,600,0.4,Adam
0.9099999999999999,0.7878174603174604,0.6419542544658644,E-CDE-VAE,100,1.0,0.001,1,1,1,0.0005,600,0.4,Adam
0.13,0.2731349206349206,0.45289907632786897,E-CDE-VAE,100,1.0,0.001,1,1,1,0.0005,600,0.4,Adam
0.13,0.2588492063492064,0.44919081670823163,E-CDE-VAE,100,1.0,0.001,1,1,1,0.0005,600,0.4,Adam
0.6533333333333333,0.5993650793650793,0.5924002105136007,E-CDE-VAE,100,1.0,0.001,1,1,1,0.0005,600,0.4,Adam
1.0,1.0,0.9665614298412285,E-CDE-VAE,100,1.0,0.001,1,1,1,0.0005,600,0.4,Adam
1.0,0.9043253968253968,0.7143920892489003,E-CDE-VAE,100,1.0,0.001,1,1,1,0.0005,600,0.4,Adam
1.0,0.956388888888889,0.82547513696314,E-CDE-VAE,100,1.0,0.001,1,1,1,0.0005,600,0.4,Adam
1.0,0.9788888888888889,0.9085917709311673,E-CDE-VAE,100,1.0,0.001,1,1,1,0.0005,600,0.4,Adam
1.0,1.0,0.9640614298412284,E-CDE-VAE,100,1.0,0.001,1,1,1,0.0005,600,0.4,Adam
0.4966666666666666,0.5546428571428572,0.6522792691484642,E-CDE-VAE,100,1.0,0.001,1,1,1,0.0005,600,0.4,Adam
1.0,0.966388888888889,0.9278709843647924,E-CDE-VAE,100,1.0,0.001,1,1,1,0.0005,600,0.4,Adam
1.0,0.966388888888889,0.9100122254766217,E-CDE-VAE,100,1.0,0.001,1,1,1,0.0005,600,0.4,Adam
0.09,0.13067460317460317,0.2261704396824366,E-CDE-VAE,100,1.0,0.001,1,1,1,0.0005,600,0.4,Adam
0.5866666666666667,0.6305952380952381,0.620573564936955,E-CDE-VAE,100,1.0,0.001,1,1,1,0.0005,600,0.4,Adam
0.4966666666666666,0.523531746031746,0.5532250953380984,E-CDE-VAE,100,1.0,0.001,1,1,1,0.0005,600,0.4,Adam
0.4966666666666666,0.521031746031746,0.5724427271215196,E-CDE-VAE,100,1.0,0.001,1,1,1,0.0005,600,0.4,Adam
0.5866666666666667,0.6205952380952381,0.6151925774603794,E-CDE-VAE,100,1.0,0.001,1,1,1,0.0005,600,0.4,Adam
0.4966666666666666,0.5546428571428572,0.6295916147406084,E-CDE-VAE,100,1.0,0.001,1,1,1,0.0005,600,0.4,Adam
0.6133333333333333,0.6029761904761904,0.5930949090469214,E-CDE-VAE,100,1.0,0.001,1,1,1,0.0005,600,0.4,Adam
1.0,1.0,0.8895615701807653,E-CDE-VAE,100,1.0,0.001,1,1,1,0.0005,600,0.4,Adam
0.5866666666666667,0.6305952380952381,0.6123226491860393,E-CDE-VAE,100,1.0,0.001,1,1,1,0.0005,600,0.4,Adam
0.3466666666666667,0.3360714285714285,0.26835142476202856,E-CDE-VAE,100,1.0,0.001,1,1,1,0.0005,600,0.4,Adam
0.4966666666666666,0.5335317460317459,0.6330115923807875,E-CDE-VAE,100,1.0,0.001,1,1,1,0.0005,600,0.4,Adam
0.0,0.0,0.020880295100496337,E-CDE-VAE,100,1.0,0.001,1,1,1,0.0005,600,0.4,Adam
0.5866666666666667,0.5081349206349206,0.5394605061690975,E-CDE-VAE,100,1.0,0.001,1,1,1,0.0005,600,0.4,Adam
0.4966666666666666,0.4731349206349206,0.5325721371851403,E-CDE-VAE,100,1.0,0.001,1,1,1,0.0005,600,0.4,Adam
0.2966666666666667,0.31107142857142855,0.25585142476202855,E-CDE-VAE,100,1.0,0.001,1,1,1,0.0005,600,0.4,Adam
0.7033333333333334,0.7125396825396825,0.7085400274390211,E-CDE-VAE,100,1.0,0.001,1,1,1,0.0005,600,0.4,Adam
0.6133333333333333,0.5384126984126983,0.6020134984124921,E-CDE-VAE,100,1.0,0.001,1,1,1,0.0005,600,0.4,Adam
1.0,0.9043253968253968,0.7218096716664827,E-CDE-VAE,100,1.0,0.001,1,1,1,0.0005,600,0.4,Adam
0.4533333333333333,0.42035714285714293,0.318125860852254,E-CDE-VAE,100,1.0,0.001,1,1,1,0.0005,600,0.4,Adam
0.4966666666666666,0.5446428571428571,0.5929604038891962,E-CDE-VAE,100,1.0,0.001,1,1,1,0.0005,600,0.4,Adam
0.6133333333333333,0.5793650793650793,0.5769908537884545,E-CDE-VAE,100,1.0,0.001,1,1,1,0.0005,600,0.4,Adam
0.9099999999999999,0.7878174603174604,0.6313426234498216,E-CDE-VAE,100,1.0,0.001,1,1,1,0.0005,600,0.4,Adam
0.09,0.11956349206349207,0.21450927920548665,E-CDE-VAE,100,1.0,0.001,1,1,1,0.0005,600,0.4,Adam
1.0,0.9309920634920636,0.8490663760903698,E-CDE-VAE,100,1.0,0.001,1,1,1,0.0005,600,0.4,Adam
0.3866666666666666,0.5163095238095238,0.5617320796248815,E-CDE-VAE,100,1.0,0.001,1,1,1,0.0005,600,0.4,Adam
0.6133333333333333,0.6029761904761904,0.5870287325763333,E-CDE-VAE,100,1.0,0.001,1,1,1,0.0005,600,0.4,Adam
0.4966666666666666,0.490079365079365,0.585273527856732,E-CDE-VAE,100,1.0,0.001,1,1,1,0.0005,600,0.4,Adam
1.0,0.8873809523809524,0.7105708410526522,E-CDE-VAE,100,1.0,0.001,1,1,1,0.0005,600,0.4,Adam
0.9099999999999999,0.8568253968253968,0.7893217019049061,E-CDE-VAE,100,1.0,0.001,1,1,1,0.0005,600,0.4,Adam
0.45666666666666667,0.42218253968253966,0.49756485795765987,E-CDE-VAE,100,1.0,0.001,1,1,1,0.0005,600,0.4,Adam
0.04,0.11567460317460317,0.2291810605974692,E-CDE-VAE,100,1.0,0.001,1,1,1,0.0005,600,0.4,Adam
0.45666666666666667,0.42218253968253966,0.47921432476192544,E-CDE-VAE,100,1.0,0.001,1,1,1,0.0005,600,0.4,Adam
0.6133333333333333,0.6029761904761904,0.5873010041643943,E-CDE-VAE,100,1.0,0.001,1,1,1,0.0005,600,0.4,Adam
0.0,0.06456349206349207,0.17855003012123755,E-CDE-VAE,100,1.0,0.001,1,1,1,0.0005,600,0.4,Adam
0.8433333333333334,0.8023809523809524,0.7456988971211106,E-CDE-VAE,100,1.0,0.001,1,1,1,0.0005,600,0.4,Adam
0.4966666666666666,0.511031746031746,0.5610965732753657,E-CDE-VAE,100,1.0,0.001,1,1,1,0.0005,600,0.4,Adam
1.0,1.0,1.0,E-CDE-VAE,100,1.0,0.001,1,1,1,0.0005,600,0.4,Adam
1.0,1.0,0.9712103481743574,E-CDE-VAE,100,1.0,0.001,1,1,1,0.0005,600,0.4,Adam
1.0,1.0,1.0,E-CDE-VAE,100,1.0,0.001,1,1,1,0.0005,600,0.4,Adam
0.0,0.03361111111111111,0.18884195525836392,E-CDE-VAE,100,1.0,0.001,1,1,1,0.0005,600,0.4,Adam
0.7433333333333334,0.6778174603174604,0.5698899533129408,E-CDE-VAE,100,1.0,0.001,1,1,1,0.0005,600,0.4,Adam
0.45666666666666667,0.42218253968253966,0.4738049680367792,E-CDE-VAE,100,1.0,0.001,1,1,1,0.0005,600,0.4,Adam
0.8433333333333334,0.8023809523809524,0.7456988971211106,E-CDE-VAE,100,1.0,0.001,1,1,1,0.0005,600,0.4,Adam
1.0,0.9452777777777779,0.8276973591853624,E-CDE-VAE,100,1.0,0.001,1,1,1,0.0005,600,0.4,Adam
0.2966666666666667,0.31107142857142855,0.25585142476202855,E-CDE-VAE,100,1.0,0.001,1,1,1,0.0005,600,0.4,Adam
1.0,1.0,1.0,E-CDE-VAE,100,1.0,0.001,1,1,1,0.0005,600,0.4,Adam
1.0,0.966388888888889,0.9278709843647924,E-CDE-VAE,100,1.0,0.001,1,1,1,0.0005,600,0.4,Adam
0.0,0.05472222222222223,0.14379076676677294,E-CDE-VAE,100,1.0,0.001,1,1,1,0.0005,600,0.4,Adam
0.7433333333333334,0.7280952380952381,0.6823965744437881,E-CDE-VAE,100,1.0,0.001,1,1,1,0.0005,600,0.4,Adam
0.5866666666666667,0.5081349206349206,0.5394605061690975,E-CDE-VAE,100,1.0,0.001,1,1,1,0.0005,600,0.4,Adam
1.0,0.8439285714285715,0.69161125896807,E-CDE-VAE,100,1.0,0.001,1,1,1,0.0005,600,0.4,Adam
0.7033333333333334,0.7014285714285714,0.7023983474815516,E-CDE-VAE,100,1.0,0.001,1,1,1,0.0005,600,0.4,Adam
1.0,0.966388888888889,0.8792086847620902,E-CDE-VAE,100,1.0,0.001,1,1,1,0.0005,600,0.4,Adam
0.6133333333333333,0.6029761904761904,0.5821694252170259,E-CDE-VAE,100,1.0,0.001,1,1,1,0.0005,600,0.4,Adam
0.15666666666666665,0.1740079365079365,0.24270552740173482,E-CDE-VAE,100,1.0,0.001,1,1,1,0.0005,600,0.4,Adam
1.0,1.0,0.9665614298412285,E-CDE-VAE,100,1.0,0.001,1,1,1,0.0005,600,0.4,Adam
0.0,0.047896825396825396,0.19484188154466792,E-CDE-VAE,100,1.0,0.001,1,1,1,0.0005,600,0.4,Adam
1.0,0.956388888888889,0.8979667709311672,E-CDE-VAE,100,1.0,0.001,1,1,1,0.0005,600,0.4,Adam
1.0,1.0,0.9766197048995033,E-CDE-VAE,100,1.0,0.001,1,1,1,0.0005,600,0.4,Adam
1.0,0.966388888888889,0.9100122254766217,E-CDE-VAE,100,1.0,0.001,1,1,1,0.0005,600,0.4,Adam
0.4966666666666666,0.5546428571428572,0.6356577912111966,E-CDE-VAE,100,1.0,0.001,1,1,1,0.0005,600,0.4,Adam
0.9099999999999999,0.7711507936507936,0.6213426234498216,E-CDE-VAE,100,1.0,0.001,1,1,1,0.0005,600,0.4,Adam
1.0,1.0,1.0,E-CDE-VAE,100,1.0,0.001,1,1,1,0.0005,600,0.4,Adam
0.0,0.043611111111111114,0.1711915297035266,E-CDE-VAE,100,1.0,0.001,1,1,1,0.0005,600,0.4,Adam
0.0,0.08567460317460318,0.20381318801597442,E-CDE-VAE,100,1.0,0.001,1,1,1,0.0005,600,0.4,Adam
0.4966666666666666,0.49992063492063493,0.5284486014071927,E-CDE-VAE,100,1.0,0.001,1,1,1,0.0005,600,0.4,Adam
0.0,0.0,0.013975533195734432,E-CDE-VAE,100,1.0,0.001,1,1,1,0.0005,600,0.4,Adam
0.45666666666666667,0.470079365079365,0.5689273740105782,E-CDE-VAE,100,1.0,0.001,1,1,1,0.0005,600,0.4,Adam
1.0,0.99,0.8815115208149263,E-CDE-VAE,100,1.0,0.001,1,1,1,0.0005,600,0.4,Adam
1.0,1.0,1.0,E-CDE-VAE,100,1.0,0.001,1,1,1,0.0005,600,0.4,Adam
0.4133333333333333,0.4484126984126983,0.5343325040112965,E-CDE-VAE,100,1.0,0.001,1,1,1,0.0005,600,0.4,Adam
0.0,0.03361111111111111,0.17809103950744815,E-CDE-VAE,100,1.0,0.001,1,1,1,0.0005,600,0.4,Adam
0.2966666666666667,0.43353174603174593,0.5581855259893185,E-CDE-VAE,100,1.0,0.001,1,1,1,0.0005,600,0.4,Adam
1.0,1.0,0.9835244668042653,E-CDE-VAE,100,1.0,0.001,1,1,1,0.0005,600,0.4,Adam
0.9099999999999999,0.8468253968253968,0.7809620550158475,E-CDE-VAE,100,1.0,0.001,1,1,1,0.0005,600,0.4,Adam
0.2966666666666667,0.43353174603174593,0.5503757867089909,E-CDE-VAE,100,1.0,0.001,1,1,1,0.0005,600,0.4,Adam
0.4133333333333333,0.4273015873015873,0.5464579428569365,E-CDE-VAE,100,1.0,0.001,1,1,1,0.0005,600,0.4,Adam
1.0,0.9184920634920637,0.7653247421223427,E-CDE-VAE,100,1.0,0.001,1,1,1,0.0005,600,0.4,Adam
0.04,0.08456349206349206,0.186650520317316,E-CDE-VAE,100,1.0,0.001,1,1,1,0.0005,600,0.4,Adam
0.2966666666666667,0.421031746031746,0.5767615923807875,E-CDE-VAE,100,1.0,0.001,1,1,1,0.0005,600,0.4,Adam
0.3466666666666667,0.3360714285714285,0.26835142476202856,E-CDE-VAE,100,1.0,0.001,1,1,1,0.0005,600,0.4,Adam
1.0,1.0,0.9766197048995033,E-CDE-VAE,100,1.0,0.001,1,1,1,0.0005,600,0.4,Adam
0.5466666666666666,0.5006349206349207,0.5357105061690974,E-CDE-VAE,100,1.0,0.001,1,1,1,0.0005,600,0.4,Adam
0.2966666666666667,0.43353174603174593,0.5548521926559851,E-CDE-VAE,100,1.0,0.001,1,1,1,0.0005,600,0.4,Adam
0.96,0.8128174603174603,0.6722095495663607,E-CDE-VAE,100,1.0,0.001,1,1,1,0.0005,600,0.4,Adam
0.9099999999999999,0.7989285714285714,0.6454643554759654,E-CDE-VAE,100,1.0,0.001,1,1,1,0.0005,600,0.4,Adam
0.4966666666666666,0.5546428571428572,0.6226868528358465,E-CDE-VAE,100,1.0,0.001,1,1,1,0.0005,600,0.4,Adam
0.9099999999999999,0.7711507936507936,0.6369848233122226,E-CDE-VAE,100,1.0,0.001,1,1,1,0.0005,600,0.4,Adam
1.0,0.925436507936508,0.8430565291691453,E-CDE-VAE,100,1.0,0.001,1,1,1,0.0005,600,0.4,Adam
0.6133333333333333,0.5273015873015873,0.5964579428569365,E-CDE-VAE,100,1.0,0.001,1,1,1,0.0005,600,0.4,Adam
1.0,0.9184920634920637,0.7874196121216246,E-CDE-VAE,100,1.0,0.001,1,1,1,0.0005,600,0.4,Adam
0.5466666666666666,0.481468253968254,0.5261271728357642,E-CDE-VAE,100,1.0,0.001,1,1,1,0.0005,600,0.4,Adam
1.0,0.9354365079365079,0.8731372561906617,E-CDE-VAE,100,1.0,0.001,1,1,1,0.0005,600,0.4,Adam
1.0,0.966388888888889,0.8905129564707739,E-CDE-VAE,100,1.0,0.001,1,1,1,0.0005,600,0.4,Adam
0.7433333333333334,0.7325396825396826,0.729151658455064,E-CDE-VAE,100,1.0,0.001,1,1,1,0.0005,600,0.4,Adam
0.4966666666666666,0.5546428571428572,0.6429810235344291,E-CDE-VAE,100,1.0,0.001,1,1,1,0.0005,600,0.4,Adam
0.8433333333333334,0.8092063492063492,0.7765692408726463,E-CDE-VAE,100,1.0,0.001,1,1,1,0.0005,600,0.4,Adam
1.0,1.0,1.0,E-CDE-VAE,100,1.0,0.001,1,1,1,0.0005,600,0.4,Adam
1.0,1.0,0.9337116276396463,E-CDE-VAE,100,1.0,0.001,1,1,1,0.0005,600,0.4,Adam
1.0,0.9521031746031747,0.850663598312592,E-CDE-VAE,100,1.0,0.001,1,1,1,0.0005,600,0.4,Adam
0.2966666666666667,0.421031746031746,0.5486021926559851,E-CDE-VAE,100,1.0,0.001,1,1,1,0.0005,600,0.4,Adam
1.0,1.0,0.8869299912333968,E-CDE-VAE,100,1.0,0.001,1,1,1,0.0005,600,0.4,Adam
1.0,0.966388888888889,0.8905129564707739,E-CDE-VAE,100,1.0,0.001,1,1,1,0.0005,600,0.4,Adam
0.3466666666666667,0.31246031746031744,0.25654586920647293,E-CDE-VAE,100,1.0,0.001,1,1,1,0.0005,600,0.4,Adam
1.0,0.966388888888889,0.9309959843647924,E-CDE-VAE,100,1.0,0.001,1,1,1,0.0005,600,0.4,Adam
0.8433333333333334,0.8092063492063492,0.773937661925278,E-CDE-VAE,100,1.0,0.001,1,1,1,0.0005,600,0.4,Adam
1.0,1.0,1.0,E-CDE-VAE,100,1.0,0.001,1,1,1,0.0005,600,0.4,Adam
0.09,0.11956349206349207,0.21548330517951259,E-CDE-VAE,100,1.0,0.001,1,1,1,0.0005,600,0.4,Adam
0.0,0.03361111111111111,0.16952486303685993,E-CDE-VAE,100,1.0,0.001,1,1,1,0.0005,600,0.4,Adam
1.0,1.0,1.0,E-CDE-VAE,100,1.0,0.001,1,1,1,0.0005,600,0.4,Adam
0.3466666666666667,0.35035714285714287,0.2754942819048857,E-CDE-VAE,100,1.0,0.001,1,1,1,0.0005,600,0.4,Adam
0.04,0.08456349206349206,0.19343785063405808,E-CDE-VAE,100,1.0,0.001,1,1,1,0.0005,600,0.4,Adam
1.0,1.0,0.9974999999999999,E-CDE-VAE,100,1.0,0.001,1,1,1,0.0005,600,0.4,Adam
0.0,0.047896825396825396,0.19304363593063284,E-CDE-VAE,100,1.0,0.001,1,1,1,0.0005,600,0.4,Adam
0.7033333333333334,0.6579761904761906,0.6391180963858982,E-CDE-VAE,100,1.0,0.001,1,1,1,0.0005,600,0.4,Adam
0.5466666666666666,0.5317460317460316,0.6269871562905619,E-CDE-VAE,100,1.0,0.001,1,1,1,0.0005,600,0.4,Adam
0.2966666666666667,0.43353174603174593,0.5581855259893185,E-CDE-VAE,100,1.0,0.001,1,1,1,0.0005,600,0.4,Adam
0.4533333333333333,0.5496428571428572,0.5910228582906601,E-CDE-VAE,100,1.0,0.001,1,1,1,0.0005,600,0.4,Adam
0.9099999999999999,0.7989285714285714,0.6623239286513279,E-CDE-VAE,100,1.0,0.001,1,1,1,0.0005,600,0.4,Adam
0.0,0.0,0.017308866529067764,E-CDE-VAE,100,1.0,0.001,1,1,1,0.0005,600,0.4,Adam
1.0,0.9521031746031747,0.8578408858942914,E-CDE-VAE,100,1.0,0.001,1,1,1,0.0005,600,0.4,Adam
0.5466666666666666,0.40246031746031746,0.2757388779950699,E-CDE-VAE,100,1.0,0.001,1,1,1,0.0005,600,0.4,Adam
0.0,0.08567460317460318,0.14623913646552963,E-CDE-VAE,100,1.0,0.001,1,1,1,0.0005,600,0.4,Adam
0.5466666666666666,0.40246031746031746,0.3015458692064729,E-CDE-VAE,100,1.0,0.001,1,1,1,0.0005,600,0.4,Adam
0.6533333333333333,0.6229761904761906,0.5980027585503592,E-CDE-VAE,100,1.0,0.001,1,1,1,0.0005,600,0.4,Adam
1.0,0.9184920634920637,0.7581477086295197,E-CDE-VAE,100,1.0,0.001,1,1,1,0.0005,600,0.4,Adam
0.6533333333333333,0.6639285714285714,0.6633541767829693,E-CDE-VAE,100,1.0,0.001,1,1,1,0.0005,600,0.4,Adam
1.0,1.0,0.971106884386683,E-CDE-VAE,100,1.0,0.001,1,1,1,0.0005,600,0.4,Adam
0.0,0.10261904761904761,0.22293080650859293,E-CDE-VAE,100,1.0,0.001,1,1,1,0.0005,600,0.4,Adam
1.0,0.968888888888889,0.9071579474017554,E-CDE-VAE,100,1.0,0.001,1,1,1,0.0005,600,0.4,Adam
1.0,0.8539285714285715,0.6983901051219161,E-CDE-VAE,100,1.0,0.001,1,1,1,0.0005,600,0.4,Adam
1.0,1.0,0.9974999999999999,E-CDE-VAE,100,1.0,0.001,1,1,1,0.0005,600,0.4,Adam
1.0,0.966388888888889,0.9278709843647924,E-CDE-VAE,100,1.0,0.001,1,1,1,0.0005,600,0.4,Adam
1.0,0.956388888888889,0.8288084702964733,E-CDE-VAE,100,1.0,0.001,1,1,1,0.0005,600,0.4,Adam
1.0,0.9184920634920637,0.7581477086295197,E-CDE-VAE,100,1.0,0.001,1,1,1,0.0005,600,0.4,Adam
1.0,0.99,0.8899031292065347,E-CDE-VAE,100,1.0,0.001,1,1,1,0.0005,600,0.4,Adam
0.6133333333333333,0.6029761904761904,0.5876106016876141,E-CDE-VAE,100,1.0,0.001,1,1,1,0.0005,600,0.4,Adam
0.6133333333333333,0.5918650793650793,0.5864598080368204,E-CDE-VAE,100,1.0,0.001,1,1,1,0.0005,600,0.4,Adam
0.5466666666666666,0.40246031746031746,0.284582832243436,E-CDE-VAE,100,1.0,0.001,1,1,1,0.0005,600,0.4,Adam
1.0,1.0,1.0,E-CDE-VAE,100,1.0,0.001,1,1,1,0.0005,600,0.4,Adam
1.0,1.0,1.0,E-CDE-VAE,100,1.0,0.001,1,1,1,0.0005,600,0.4,Adam
0.04,0.2617460317460317,0.4280669508939633,E-CDE-VAE,100,1.0,0.001,1,1,1,0.0005,600,0.4,Adam
0.0,0.0,0.0,E-CDE-VAE,100,1.0,0.001,1,1,1,0.0005,600,0.4,Adam
0.2966666666666667,0.45464285714285707,0.5663406989896926,E-CDE-VAE,100,1.0,0.001,1,1,1,0.0005,600,0.4,Adam
0.4966666666666666,0.4421825396825397,0.5075648579576598,E-CDE-VAE,100,1.0,0.001,1,1,1,0.0005,600,0.4,Adam
0.6133333333333333,0.5550793650793651,0.5657118988252889,E-CDE-VAE,100,1.0,0.001,1,1,1,0.0005,600,0.4,Adam
0.0,0.0,0.013975533195734432,E-CDE-VAE,100,1.0,0.001,1,1,1,0.0005,600,0.4,Adam
0.2966666666666667,0.31107142857142855,0.25585142476202855,E-CDE-VAE,100,1.0,0.001,1,1,1,0.0005,600,0.4,Adam
0.5466666666666666,0.47146825396825404,0.5271933493063523,E-CDE-VAE,100,1.0,0.001,1,1,1,0.0005,600,0.4,Adam
0.0,0.0,0.013975533195734432,E-CDE-VAE,100,1.0,0.001,1,1,1,0.0005,600,0.4,Adam
0.0,0.0,0.017308866529067764,E-CDE-VAE,100,1.0,0.001,1,1,1,0.0005,600,0.4,Adam
0.2966666666666667,0.43353174603174593,0.5830115923807875,E-CDE-VAE,100,1.0,0.001,1,1,1,0.0005,600,0.4,Adam
1.0,0.966388888888889,0.9273154288092369,E-CDE-VAE,100,1.0,0.001,1,1,1,0.0005,600,0.4,Adam
0.0,0.08567460317460318,0.2081057704335568,E-CDE-VAE,100,1.0,0.001,1,1,1,0.0005,600,0.4,Adam
1.0,0.9184920634920637,0.7889828150006168,E-CDE-VAE,100,1.0,0.001,1,1,1,0.0005,600,0.4,Adam
1.0,1.0,1.0,E-CDE-VAE,100,1.0,0.001,1,1,1,0.0005,600,0.4,Adam
1.0,1.0,1.0,E-CDE-VAE,100,1.0,0.001,1,1,1,0.0005,600,0.4,Adam
0.9099999999999999,0.7989285714285714,0.6480959344233337,E-CDE-VAE,100,1.0,0.001,1,1,1,0.0005,600,0.4,Adam
0.9099999999999999,0.7989285714285714,0.6623239286513279,E-CDE-VAE,100,1.0,0.001,1,1,1,0.0005,600,0.4,Adam
0.96,0.915436507936508,0.8395075525609581,E-CDE-VAE,100,1.0,0.001,1,1,1,0.0005,600,0.4,Adam
1.0,1.0,1.0,E-CDE-VAE,100,1.0,0.001,1,1,1,0.0005,600,0.4,Adam
1.0,1.0,1.0,E-CDE-VAE,100,1.0,0.001,1,1,1,0.0005,600,0.4,Adam
1.0,1.0,0.9665614298412285,E-CDE-VAE,100,1.0,0.001,1,1,1,0.0005,600,0.4,Adam
0.25666666666666665,0.22400793650793646,0.2770037730157699,E-CDE-VAE,100,1.0,0.001,1,1,1,0.0005,600,0.4,Adam
0.4966666666666666,0.490079365079365,0.5789273740105783,E-CDE-VAE,100,1.0,0.001,1,1,1,0.0005,600,0.4,Adam
0.0,0.0815079365079365,0.21428812974091613,E-CDE-VAE,100,1.0,0.001,1,1,1,0.0005,600,0.4,Adam
0.6533333333333333,0.585079365079365,0.58723361756063,E-CDE-VAE,100,1.0,0.001,1,1,1,0.0005,600,0.4,Adam
0.4966666666666666,0.5335317460317459,0.6330115923807875,E-CDE-VAE,100,1.0,0.001,1,1,1,0.0005,600,0.4,Adam
1.0,0.966388888888889,0.9100122254766217,E-CDE-VAE,100,1.0,0.001,1,1,1,0.0005,600,0.4,Adam
1.0,0.956388888888889,0.8288084702964733,E-CDE-VAE,100,1.0,0.001,1,1,1,0.0005,600,0.4,Adam
0.3466666666666667,0.30246031746031743,0.2389875941481979,E-CDE-VAE,100,1.0,0.001,1,1,1,0.0005,600,0.4,Adam
0.0,0.09817460317460318,0.20481942958142646,E-CDE-VAE,100,1.0,0.001,1,1,1,0.0005,600,0.4,Adam
0.6533333333333333,0.6329761904761906,0.6478779863067787,E-CDE-VAE,100,1.0,0.001,1,1,1,0.0005,600,0.4,Adam
0.4133333333333333,0.4484126984126983,0.5406786578574503,E-CDE-VAE,100,1.0,0.001,1,1,1,0.0005,600,0.4,Adam
0.0,0.0,0.0,E-CDE-VAE,100,1.0,0.001,1,1,1,0.0005,600,0.4,Adam
0.2966666666666667,0.31107142857142855,0.25585142476202855,E-CDE-VAE,100,1.0,0.001,1,1,1,0.0005,600,0.4,Adam
0.2966666666666667,0.421031746031746,0.5767615923807875,E-CDE-VAE,100,1.0,0.001,1,1,1,0.0005,600,0.4,Adam
0.5466666666666666,0.481468253968254,0.5261271728357642,E-CDE-VAE,100,1.0,0.001,1,1,1,0.0005,600,0.4,Adam
0.2966666666666667,0.32535714285714284,0.26299428190488566,E-CDE-VAE,100,1.0,0.001,1,1,1,0.0005,600,0.4,Adam
1.0,1.0,1.0,E-CDE-VAE,100,1.0,0.001,1,1,1,0.0005,600,0.4,Adam
1.0,1.0,1.0,E-CDE-VAE,100,1.0,0.001,1,1,1,0.0005,600,0.4,Adam
0.3466666666666667,0.30246031746031743,0.24283374799435173,E-CDE-VAE,100,1.0,0.001,1,1,1,0.0005,600,0.4,Adam
0.4533333333333333,0.5496428571428572,0.5859908967881103,E-CDE-VAE,100,1.0,0.001,1,1,1,0.0005,600,0.4,Adam
0.3466666666666667,0.44603174603174595,0.5892615923807875,E-CDE-VAE,100,1.0,0.001,1,1,1,0.0005,600,0.4,Adam
0.4133333333333333,0.4273015873015873,0.5464579428569365,E-CDE-VAE,100,1.0,0.001,1,1,1,0.0005,600,0.4,Adam
1.0,0.8873809523809524,0.704504664582064,E-CDE-VAE,100,1.0,0.001,1,1,1,0.0005,600,0.4,Adam
0.9099999999999999,0.7711507936507936,0.6230092901164883,E-CDE-VAE,100,1.0,0.001,1,1,1,0.0005,600,0.4,Adam
1.0,0.966388888888889,0.9132311797249878,E-CDE-VAE,100,1.0,0.001,1,1,1,0.0005,600,0.4,Adam
0.9099999999999999,0.8568253968253968,0.7893217019049061,E-CDE-VAE,100,1.0,0.001,1,1,1,0.0005,600,0.4,Adam
1.0,0.966388888888889,0.9309959843647924,E-CDE-VAE,100,1.0,0.001,1,1,1,0.0005,600,0.4,Adam
1.0,0.9043253968253968,0.7274346716664828,E-CDE-VAE,100,1.0,0.001,1,1,1,0.0005,600,0.4,Adam
0.15666666666666665,0.22440476190476186,0.22042744815384135,E-CDE-VAE,100,1.0,0.001,1,1,1,0.0005,600,0.4,Adam
0.0,0.03361111111111111,0.14680663978264594,E-CDE-VAE,100,1.0,0.001,1,1,1,0.0005,600,0.4,Adam
0.4966666666666666,0.5335317460317459,0.597875786708991,E-CDE-VAE,100,1.0,0.001,1,1,1,0.0005,600,0.4,Adam
0.19666666666666666,0.4046428571428571,0.5522323073813011,E-CDE-VAE,100,1.0,0.001,1,1,1,0.0005,600,0.4,Adam
1.0,0.9521031746031747,0.8893655804549768,E-CDE-VAE,100,1.0,0.001,1,1,1,0.0005,600,0.4,Adam
0.7133333333333333,0.6629761904761905,0.6898244578778634,E-CDE-VAE,100,1.0,0.001,1,1,1,0.0005,600,0.4,Adam
1.0,0.9354365079365079,0.8709844784128838,E-CDE-VAE,100,1.0,0.001,1,1,1,0.0005,600,0.4,Adam
