F-MAP@5,F-MAP@10,F-MAP@20,model,rank,beta,lambda_l2,lambda_keyphrase,lambda_latent,lambda_rating,learning_rate,epoch,corruption,optimizer
0.04,0.09456349206349206,0.15379907137066579,E-CDE-VAE,100,0.0,0.001,1,1,1,0.0005,600,0.4,Adam
0.0,0.0,0.0079093567251462,E-CDE-VAE,100,0.0,0.001,1,1,1,0.0005,600,0.4,Adam
0.5466666666666666,0.40246031746031746,0.2966191730955663,E-CDE-VAE,100,0.0,0.001,1,1,1,0.0005,600,0.4,Adam
0.0,0.0,0.0,E-CDE-VAE,100,0.0,0.001,1,1,1,0.0005,600,0.4,Adam
0.7533333333333333,0.6039682539682539,0.5478366052592059,E-CDE-VAE,100,0.0,0.001,1,1,1,0.0005,600,0.4,Adam
0.0,0.0,0.0,E-CDE-VAE,100,0.0,0.001,1,1,1,0.0005,600,0.4,Adam
0.45666666666666667,0.3140079365079365,0.2980394092062048,E-CDE-VAE,100,0.0,0.001,1,1,1,0.0005,600,0.4,Adam
0.25666666666666665,0.1928968253968254,0.1517718727780647,E-CDE-VAE,100,0.0,0.001,1,1,1,0.0005,600,0.4,Adam
1.0,0.966388888888889,0.9497558742856729,E-CDE-VAE,100,0.0,0.001,1,1,1,0.0005,600,0.4,Adam
0.6133333333333333,0.5918650793650793,0.5291997663069645,E-CDE-VAE,100,0.0,0.001,1,1,1,0.0005,600,0.4,Adam
1.0,0.925436507936508,0.8654913114491288,E-CDE-VAE,100,0.0,0.001,1,1,1,0.0005,600,0.4,Adam
0.0,0.05789682539682539,0.10667608621168993,E-CDE-VAE,100,0.0,0.001,1,1,1,0.0005,600,0.4,Adam
0.7133333333333333,0.583968253968254,0.5439774782750789,E-CDE-VAE,100,0.0,0.001,1,1,1,0.0005,600,0.4,Adam
0.7133333333333333,0.5436904761904762,0.5017064905338898,E-CDE-VAE,100,0.0,0.001,1,1,1,0.0005,600,0.4,Adam
0.45666666666666667,0.3365079365079365,0.31931711541812163,E-CDE-VAE,100,0.0,0.001,1,1,1,0.0005,600,0.4,Adam
0.0,0.0,0.0,E-CDE-VAE,100,0.0,0.001,1,1,1,0.0005,600,0.4,Adam
0.09,0.18857142857142856,0.268027402164399,E-CDE-VAE,100,0.0,0.001,1,1,1,0.0005,600,0.4,Adam
0.0,0.0,0.0,E-CDE-VAE,100,0.0,0.001,1,1,1,0.0005,600,0.4,Adam
0.7033333333333334,0.6143650793650794,0.5792250523384425,E-CDE-VAE,100,0.0,0.001,1,1,1,0.0005,600,0.4,Adam
0.0,0.021111111111111112,0.04912570466169537,E-CDE-VAE,100,0.0,0.001,1,1,1,0.0005,600,0.4,Adam
0.6533333333333333,0.6329761904761906,0.6190913869841889,E-CDE-VAE,100,0.0,0.001,1,1,1,0.0005,600,0.4,Adam
0.7033333333333334,0.6243650793650793,0.6121793151379065,E-CDE-VAE,100,0.0,0.001,1,1,1,0.0005,600,0.4,Adam
0.0,0.0,0.0,E-CDE-VAE,100,0.0,0.001,1,1,1,0.0005,600,0.4,Adam
0.4533333333333333,0.5496428571428572,0.5548777585503593,E-CDE-VAE,100,0.0,0.001,1,1,1,0.0005,600,0.4,Adam
1.0,1.0,0.9565136611324692,E-CDE-VAE,100,0.0,0.001,1,1,1,0.0005,600,0.4,Adam
0.0,0.06456349206349207,0.06822031619051742,E-CDE-VAE,100,0.0,0.001,1,1,1,0.0005,600,0.4,Adam
0.5466666666666666,0.4235714285714286,0.41288403740222623,E-CDE-VAE,100,0.0,0.001,1,1,1,0.0005,600,0.4,Adam
1.0,1.0,1.0,E-CDE-VAE,100,0.0,0.001,1,1,1,0.0005,600,0.4,Adam
0.8033333333333333,0.7078174603174603,0.5444818760530834,E-CDE-VAE,100,0.0,0.001,1,1,1,0.0005,600,0.4,Adam
0.4966666666666666,0.4321825396825397,0.42961768172487985,E-CDE-VAE,100,0.0,0.001,1,1,1,0.0005,600,0.4,Adam
0.0,0.0,0.0,E-CDE-VAE,100,0.0,0.001,1,1,1,0.0005,600,0.4,Adam
0.0,0.0,0.017308866529067764,E-CDE-VAE,100,0.0,0.001,1,1,1,0.0005,600,0.4,Adam
0.0,0.06456349206349207,0.06572031619051742,E-CDE-VAE,100,0.0,0.001,1,1,1,0.0005,600,0.4,Adam
0.9099999999999999,0.8158730158730159,0.7464640040472084,E-CDE-VAE,100,0.0,0.001,1,1,1,0.0005,600,0.4,Adam
0.9099999999999999,0.8593253968253969,0.7795735772225709,E-CDE-VAE,100,0.0,0.001,1,1,1,0.0005,600,0.4,Adam
1.0,1.0,1.0,E-CDE-VAE,100,0.0,0.001,1,1,1,0.0005,600,0.4,Adam
0.0,0.0,0.0,E-CDE-VAE,100,0.0,0.001,1,1,1,0.0005,600,0.4,Adam
0.3866666666666666,0.46158730158730155,0.49374099906801144,E-CDE-VAE,100,0.0,0.001,1,1,1,0.0005,600,0.4,Adam
1.0,1.0,0.9974999999999999,E-CDE-VAE,100,0.0,0.001,1,1,1,0.0005,600,0.4,Adam
0.0,0.01,0.07818221896782268,E-CDE-VAE,100,0.0,0.001,1,1,1,0.0005,600,0.4,Adam
0.0,0.0,0.024726448946650187,E-CDE-VAE,100,0.0,0.001,1,1,1,0.0005,600,0.4,Adam
0.24666666666666667,0.3003571428571429,0.30123260489940057,E-CDE-VAE,100,0.0,0.001,1,1,1,0.0005,600,0.4,Adam
0.15666666666666665,0.1428968253968254,0.10488698285718409,E-CDE-VAE,100,0.0,0.001,1,1,1,0.0005,600,0.4,Adam
0.9099999999999999,0.8214285714285715,0.7069683711111729,E-CDE-VAE,100,0.0,0.001,1,1,1,0.0005,600,0.4,Adam
0.0,0.0,0.0,E-CDE-VAE,100,0.0,0.001,1,1,1,0.0005,600,0.4,Adam
0.25666666666666665,0.20289682539682538,0.20689570212209527,E-CDE-VAE,100,0.0,0.001,1,1,1,0.0005,600,0.4,Adam
0.3866666666666666,0.4951984126984126,0.5005040380156479,E-CDE-VAE,100,0.0,0.001,1,1,1,0.0005,600,0.4,Adam
0.7533333333333333,0.634920634920635,0.5359867293439275,E-CDE-VAE,100,0.0,0.001,1,1,1,0.0005,600,0.4,Adam
0.0,0.0,0.0025,E-CDE-VAE,100,0.0,0.001,1,1,1,0.0005,600,0.4,Adam
0.0,0.0,0.0,E-CDE-VAE,100,0.0,0.001,1,1,1,0.0005,600,0.4,Adam
0.0,0.0,0.038701982142384614,E-CDE-VAE,100,0.0,0.001,1,1,1,0.0005,600,0.4,Adam
0.9099999999999999,0.8047619047619048,0.7822563753755705,E-CDE-VAE,100,0.0,0.001,1,1,1,0.0005,600,0.4,Adam
0.0,0.0,0.0,E-CDE-VAE,100,0.0,0.001,1,1,1,0.0005,600,0.4,Adam
0.4966666666666666,0.490079365079365,0.5277081920057928,E-CDE-VAE,100,0.0,0.001,1,1,1,0.0005,600,0.4,Adam
1.0,1.0,0.9826911334709321,E-CDE-VAE,100,0.0,0.001,1,1,1,0.0005,600,0.4,Adam
0.0,0.09567460317460316,0.20007369436549,E-CDE-VAE,100,0.0,0.001,1,1,1,0.0005,600,0.4,Adam
0.5433333333333333,0.6155952380952381,0.6353413562701488,E-CDE-VAE,100,0.0,0.001,1,1,1,0.0005,600,0.4,Adam
0.7133333333333333,0.6082539682539683,0.5890373693643818,E-CDE-VAE,100,0.0,0.001,1,1,1,0.0005,600,0.4,Adam
0.13,0.19412698412698412,0.16394063238103485,E-CDE-VAE,100,0.0,0.001,1,1,1,0.0005,600,0.4,Adam
0.13,0.21523809523809523,0.2130663370427302,E-CDE-VAE,100,0.0,0.001,1,1,1,0.0005,600,0.4,Adam
0.0,0.0,0.0,E-CDE-VAE,100,0.0,0.001,1,1,1,0.0005,600,0.4,Adam
0.0,0.0,0.0,E-CDE-VAE,100,0.0,0.001,1,1,1,0.0005,600,0.4,Adam
0.0,0.03361111111111111,0.07005299224339472,E-CDE-VAE,100,0.0,0.001,1,1,1,0.0005,600,0.4,Adam
0.96,0.8675396825396826,0.8147280061269999,E-CDE-VAE,100,0.0,0.001,1,1,1,0.0005,600,0.4,Adam
0.0,0.06456349206349207,0.07362967291566362,E-CDE-VAE,100,0.0,0.001,1,1,1,0.0005,600,0.4,Adam
0.7033333333333334,0.5553571428571429,0.41393285206365704,E-CDE-VAE,100,0.0,0.001,1,1,1,0.0005,600,0.4,Adam
0.3866666666666666,0.5305952380952381,0.648999796428202,E-CDE-VAE,100,0.0,0.001,1,1,1,0.0005,600,0.4,Adam
0.09,0.10956349206349207,0.08822031619051743,E-CDE-VAE,100,0.0,0.001,1,1,1,0.0005,600,0.4,Adam
0.6533333333333333,0.6539285714285714,0.6512759537933687,E-CDE-VAE,100,0.0,0.001,1,1,1,0.0005,600,0.4,Adam
0.0,0.0,0.0,E-CDE-VAE,100,0.0,0.001,1,1,1,0.0005,600,0.4,Adam
0.4966666666666666,0.45646825396825397,0.4699268374384474,E-CDE-VAE,100,0.0,0.001,1,1,1,0.0005,600,0.4,Adam
0.0,0.0,0.0,E-CDE-VAE,100,0.0,0.001,1,1,1,0.0005,600,0.4,Adam
0.0,0.0,0.0,E-CDE-VAE,100,0.0,0.001,1,1,1,0.0005,600,0.4,Adam
0.4966666666666666,0.37746031746031744,0.326635347581555,E-CDE-VAE,100,0.0,0.001,1,1,1,0.0005,600,0.4,Adam
0.2966666666666667,0.2874603174603174,0.3315866645394509,E-CDE-VAE,100,0.0,0.001,1,1,1,0.0005,600,0.4,Adam
0.7033333333333334,0.6746428571428572,0.6488830536508554,E-CDE-VAE,100,0.0,0.001,1,1,1,0.0005,600,0.4,Adam
0.4966666666666666,0.37746031746031744,0.3145645762905825,E-CDE-VAE,100,0.0,0.001,1,1,1,0.0005,600,0.4,Adam
0.0,0.01,0.07496326471945666,E-CDE-VAE,100,0.0,0.001,1,1,1,0.0005,600,0.4,Adam
1.0,0.9788888888888889,0.9326255791851767,E-CDE-VAE,100,0.0,0.001,1,1,1,0.0005,600,0.4,Adam
0.4133333333333333,0.3357936507936508,0.2347739657143681,E-CDE-VAE,100,0.0,0.001,1,1,1,0.0005,600,0.4,Adam
0.0,0.0,0.0,E-CDE-VAE,100,0.0,0.001,1,1,1,0.0005,600,0.4,Adam
0.13,0.21523809523809523,0.2892725459095428,E-CDE-VAE,100,0.0,0.001,1,1,1,0.0005,600,0.4,Adam
0.3466666666666667,0.40063492063492073,0.3751418900586857,E-CDE-VAE,100,0.0,0.001,1,1,1,0.0005,600,0.4,Adam
0.04,0.08456349206349206,0.08085189513788585,E-CDE-VAE,100,0.0,0.001,1,1,1,0.0005,600,0.4,Adam
0.4533333333333333,0.47825396825396826,0.5447076843864769,E-CDE-VAE,100,0.0,0.001,1,1,1,0.0005,600,0.4,Adam
0.0,0.0,0.0,E-CDE-VAE,100,0.0,0.001,1,1,1,0.0005,600,0.4,Adam
0.25666666666666665,0.1928968253968254,0.12988698285718406,E-CDE-VAE,100,0.0,0.001,1,1,1,0.0005,600,0.4,Adam
0.5433333333333333,0.6325396825396826,0.6478672587302619,E-CDE-VAE,100,0.0,0.001,1,1,1,0.0005,600,0.4,Adam
0.8699999999999999,0.6386904761904761,0.5171974886138974,E-CDE-VAE,100,0.0,0.001,1,1,1,0.0005,600,0.4,Adam
0.0,0.03111111111111111,0.0964082290688328,E-CDE-VAE,100,0.0,0.001,1,1,1,0.0005,600,0.4,Adam
0.5033333333333333,0.5243650793650794,0.5374528661912563,E-CDE-VAE,100,0.0,0.001,1,1,1,0.0005,600,0.4,Adam
0.96,0.850873015873016,0.8272749678941629,E-CDE-VAE,100,0.0,0.001,1,1,1,0.0005,600,0.4,Adam
1.0,0.925436507936508,0.8541473572007627,E-CDE-VAE,100,0.0,0.001,1,1,1,0.0005,600,0.4,Adam
0.0,0.0,0.010850533195734433,E-CDE-VAE,100,0.0,0.001,1,1,1,0.0005,600,0.4,Adam
0.19666666666666666,0.24857142857142853,0.23857695795776288,E-CDE-VAE,100,0.0,0.001,1,1,1,0.0005,600,0.4,Adam
1.0,1.0,1.0,E-CDE-VAE,100,0.0,0.001,1,1,1,0.0005,600,0.4,Adam
1.0,0.9018253968253969,0.8202866141856078,E-CDE-VAE,100,0.0,0.001,1,1,1,0.0005,600,0.4,Adam
0.2966666666666667,0.3731349206349207,0.4418635760953872,E-CDE-VAE,100,0.0,0.001,1,1,1,0.0005,600,0.4,Adam
0.0,0.0,0.0,E-CDE-VAE,100,0.0,0.001,1,1,1,0.0005,600,0.4,Adam
0.2966666666666667,0.38563492063492066,0.4425602201376194,E-CDE-VAE,100,0.0,0.001,1,1,1,0.0005,600,0.4,Adam
0.04,0.13246031746031744,0.1555477445241377,E-CDE-VAE,100,0.0,0.001,1,1,1,0.0005,600,0.4,Adam
0.6133333333333333,0.5048015873015873,0.4874027387301381,E-CDE-VAE,100,0.0,0.001,1,1,1,0.0005,600,0.4,Adam
0.0,0.14607142857142857,0.1842019579577629,E-CDE-VAE,100,0.0,0.001,1,1,1,0.0005,600,0.4,Adam
1.0,0.956388888888889,0.8480207060741117,E-CDE-VAE,100,0.0,0.001,1,1,1,0.0005,600,0.4,Adam
0.3866666666666666,0.5642063492063492,0.629036644899648,E-CDE-VAE,100,0.0,0.001,1,1,1,0.0005,600,0.4,Adam
0.25666666666666665,0.31535714285714284,0.3789736473966351,E-CDE-VAE,100,0.0,0.001,1,1,1,0.0005,600,0.4,Adam
0.3466666666666667,0.35718253968253966,0.40703526414246227,E-CDE-VAE,100,0.0,0.001,1,1,1,0.0005,600,0.4,Adam
0.8699999999999999,0.7368650793650793,0.6609121152755053,E-CDE-VAE,100,0.0,0.001,1,1,1,0.0005,600,0.4,Adam
0.2866666666666666,0.3370238095238095,0.2828031484339534,E-CDE-VAE,100,0.0,0.001,1,1,1,0.0005,600,0.4,Adam
0.45666666666666667,0.3574603174603174,0.2647144111908044,E-CDE-VAE,100,0.0,0.001,1,1,1,0.0005,600,0.4,Adam
0.0,0.08567460317460318,0.17717770662430105,E-CDE-VAE,100,0.0,0.001,1,1,1,0.0005,600,0.4,Adam
0.0,0.043611111111111114,0.10265822906883279,E-CDE-VAE,100,0.0,0.001,1,1,1,0.0005,600,0.4,Adam
0.2866666666666666,0.4326984126984126,0.47289021178340074,E-CDE-VAE,100,0.0,0.001,1,1,1,0.0005,600,0.4,Adam
0.8699999999999999,0.7747619047619048,0.6441319378935477,E-CDE-VAE,100,0.0,0.001,1,1,1,0.0005,600,0.4,Adam
0.04,0.1492857142857143,0.3740114361902288,E-CDE-VAE,100,0.0,0.001,1,1,1,0.0005,600,0.4,Adam
0.25666666666666665,0.1928968253968254,0.13751856180455246,E-CDE-VAE,100,0.0,0.001,1,1,1,0.0005,600,0.4,Adam
0.0,0.06456349206349207,0.06572031619051742,E-CDE-VAE,100,0.0,0.001,1,1,1,0.0005,600,0.4,Adam
0.0,0.0,0.0,E-CDE-VAE,100,0.0,0.001,1,1,1,0.0005,600,0.4,Adam
0.0,0.0,0.0,E-CDE-VAE,100,0.0,0.001,1,1,1,0.0005,600,0.4,Adam
0.8699999999999999,0.7847619047619048,0.6911739133759257,E-CDE-VAE,100,0.0,0.001,1,1,1,0.0005,600,0.4,Adam
0.0,0.047896825396825396,0.09082555301595549,E-CDE-VAE,100,0.0,0.001,1,1,1,0.0005,600,0.4,Adam
0.0,0.0,0.0,E-CDE-VAE,100,0.0,0.001,1,1,1,0.0005,600,0.4,Adam
0.0,0.03361111111111111,0.07112442081482329,E-CDE-VAE,100,0.0,0.001,1,1,1,0.0005,600,0.4,Adam
0.0,0.0,0.04193405128583147,E-CDE-VAE,100,0.0,0.001,1,1,1,0.0005,600,0.4,Adam
0.8433333333333334,0.7614285714285715,0.6610767627195646,E-CDE-VAE,100,0.0,0.001,1,1,1,0.0005,600,0.4,Adam
0.5866666666666667,0.568531746031746,0.5051888211118087,E-CDE-VAE,100,0.0,0.001,1,1,1,0.0005,600,0.4,Adam
0.0,0.0,0.0,E-CDE-VAE,100,0.0,0.001,1,1,1,0.0005,600,0.4,Adam
0.5033333333333333,0.48896825396825394,0.4868001906933796,E-CDE-VAE,100,0.0,0.001,1,1,1,0.0005,600,0.4,Adam
0.0,0.0,0.0,E-CDE-VAE,100,0.0,0.001,1,1,1,0.0005,600,0.4,Adam
0.25666666666666665,0.2265079365079365,0.2749510085287949,E-CDE-VAE,100,0.0,0.001,1,1,1,0.0005,600,0.4,Adam
0.5033333333333333,0.4932539682539684,0.517483689126491,E-CDE-VAE,100,0.0,0.001,1,1,1,0.0005,600,0.4,Adam
0.0,0.0,0.0,E-CDE-VAE,100,0.0,0.001,1,1,1,0.0005,600,0.4,Adam
0.0,0.0,0.0,E-CDE-VAE,100,0.0,0.001,1,1,1,0.0005,600,0.4,Adam
0.6133333333333333,0.5482539682539682,0.5357281785551911,E-CDE-VAE,100,0.0,0.001,1,1,1,0.0005,600,0.4,Adam
0.6133333333333333,0.45690476190476187,0.4009086437298512,E-CDE-VAE,100,0.0,0.001,1,1,1,0.0005,600,0.4,Adam
0.0,0.0,0.0,E-CDE-VAE,100,0.0,0.001,1,1,1,0.0005,600,0.4,Adam
0.0,0.0,0.0,E-CDE-VAE,100,0.0,0.001,1,1,1,0.0005,600,0.4,Adam
0.3466666666666667,0.4106349206349207,0.4653835670263689,E-CDE-VAE,100,0.0,0.001,1,1,1,0.0005,600,0.4,Adam
0.45666666666666667,0.2928968253968254,0.19386251605291854,E-CDE-VAE,100,0.0,0.001,1,1,1,0.0005,600,0.4,Adam
0.0,0.0,0.0,E-CDE-VAE,100,0.0,0.001,1,1,1,0.0005,600,0.4,Adam
0.0,0.021111111111111112,0.15528955886734525,E-CDE-VAE,100,0.0,0.001,1,1,1,0.0005,600,0.4,Adam
0.0,0.05789682539682539,0.1892992991270855,E-CDE-VAE,100,0.0,0.001,1,1,1,0.0005,600,0.4,Adam
0.0,0.03361111111111111,0.09835086976147348,E-CDE-VAE,100,0.0,0.001,1,1,1,0.0005,600,0.4,Adam
0.45666666666666667,0.426468253968254,0.46185526934365945,E-CDE-VAE,100,0.0,0.001,1,1,1,0.0005,600,0.4,Adam
1.0,1.0,1.0,E-CDE-VAE,100,0.0,0.001,1,1,1,0.0005,600,0.4,Adam
0.3466666666666667,0.3235714285714285,0.36597280535941523,E-CDE-VAE,100,0.0,0.001,1,1,1,0.0005,600,0.4,Adam
0.0,0.0,0.0,E-CDE-VAE,100,0.0,0.001,1,1,1,0.0005,600,0.4,Adam
0.0,0.047896825396825396,0.0955761444867482,E-CDE-VAE,100,0.0,0.001,1,1,1,0.0005,600,0.4,Adam
0.5866666666666667,0.5896428571428571,0.5475053648621759,E-CDE-VAE,100,0.0,0.001,1,1,1,0.0005,600,0.4,Adam
0.15666666666666665,0.1428968253968254,0.10488698285718409,E-CDE-VAE,100,0.0,0.001,1,1,1,0.0005,600,0.4,Adam
0.5466666666666666,0.5585317460317459,0.6114868978201021,E-CDE-VAE,100,0.0,0.001,1,1,1,0.0005,600,0.4,Adam
0.0,0.0,0.0,E-CDE-VAE,100,0.0,0.001,1,1,1,0.0005,600,0.4,Adam
0.96,0.915436507936508,0.8887027016670979,E-CDE-VAE,100,0.0,0.001,1,1,1,0.0005,600,0.4,Adam
0.0,0.0,0.0,E-CDE-VAE,100,0.0,0.001,1,1,1,0.0005,600,0.4,Adam
0.4533333333333333,0.516031746031746,0.5483050461320585,E-CDE-VAE,100,0.0,0.001,1,1,1,0.0005,600,0.4,Adam
1.0,1.0,1.0,E-CDE-VAE,100,0.0,0.001,1,1,1,0.0005,600,0.4,Adam
0.0,0.047896825396825396,0.13570078077237518,E-CDE-VAE,100,0.0,0.001,1,1,1,0.0005,600,0.4,Adam
0.8433333333333334,0.7010317460317459,0.6026869887937999,E-CDE-VAE,100,0.0,0.001,1,1,1,0.0005,600,0.4,Adam
0.7433333333333334,0.6878174603174603,0.6536971722807636,E-CDE-VAE,100,0.0,0.001,1,1,1,0.0005,600,0.4,Adam
0.15666666666666665,0.2119047619047619,0.27586976813176495,E-CDE-VAE,100,0.0,0.001,1,1,1,0.0005,600,0.4,Adam
0.0,0.0,0.0,E-CDE-VAE,100,0.0,0.001,1,1,1,0.0005,600,0.4,Adam
0.15666666666666665,0.1640079365079365,0.20299244743904188,E-CDE-VAE,100,0.0,0.001,1,1,1,0.0005,600,0.4,Adam
0.0,0.021111111111111112,0.04399412571432696,E-CDE-VAE,100,0.0,0.001,1,1,1,0.0005,600,0.4,Adam
0.0,0.0,0.024726448946650187,E-CDE-VAE,100,0.0,0.001,1,1,1,0.0005,600,0.4,Adam
0.4133333333333333,0.4693650793650794,0.5271226868246993,E-CDE-VAE,100,0.0,0.001,1,1,1,0.0005,600,0.4,Adam
0.4966666666666666,0.5446428571428571,0.5062438281962275,E-CDE-VAE,100,0.0,0.001,1,1,1,0.0005,600,0.4,Adam
0.15666666666666665,0.1428968253968254,0.13367663468282662,E-CDE-VAE,100,0.0,0.001,1,1,1,0.0005,600,0.4,Adam
0.15666666666666665,0.20746031746031748,0.2654271990049854,E-CDE-VAE,100,0.0,0.001,1,1,1,0.0005,600,0.4,Adam
0.0,0.0,0.0,E-CDE-VAE,100,0.0,0.001,1,1,1,0.0005,600,0.4,Adam
0.0,0.0,0.0,E-CDE-VAE,100,0.0,0.001,1,1,1,0.0005,600,0.4,Adam
0.04,0.08456349206349206,0.09660061129101379,E-CDE-VAE,100,0.0,0.001,1,1,1,0.0005,600,0.4,Adam
0.7433333333333334,0.7971031746031746,0.8316744469840446,E-CDE-VAE,100,0.0,0.001,1,1,1,0.0005,600,0.4,Adam
0.7533333333333333,0.6785317460317459,0.7030115923807874,E-CDE-VAE,100,0.0,0.001,1,1,1,0.0005,600,0.4,Adam
0.5433333333333333,0.6492063492063492,0.6312666167252081,E-CDE-VAE,100,0.0,0.001,1,1,1,0.0005,600,0.4,Adam
0.5866666666666667,0.6205952380952381,0.6129009107937126,E-CDE-VAE,100,0.0,0.001,1,1,1,0.0005,600,0.4,Adam
0.9099999999999999,0.825873015873016,0.8101207974601939,E-CDE-VAE,100,0.0,0.001,1,1,1,0.0005,600,0.4,Adam
0.4966666666666666,0.489920634920635,0.4716965698989693,E-CDE-VAE,100,0.0,0.001,1,1,1,0.0005,600,0.4,Adam
0.0,0.06456349206349207,0.06572031619051742,E-CDE-VAE,100,0.0,0.001,1,1,1,0.0005,600,0.4,Adam
0.0,0.0,0.0,E-CDE-VAE,100,0.0,0.001,1,1,1,0.0005,600,0.4,Adam
0.4133333333333333,0.3669047619047619,0.3813046314710402,E-CDE-VAE,100,0.0,0.001,1,1,1,0.0005,600,0.4,Adam
0.19666666666666666,0.4046428571428571,0.5031209685137703,E-CDE-VAE,100,0.0,0.001,1,1,1,0.0005,600,0.4,Adam
0.0,0.0,0.0,E-CDE-VAE,100,0.0,0.001,1,1,1,0.0005,600,0.4,Adam
0.0,0.0,0.0,E-CDE-VAE,100,0.0,0.001,1,1,1,0.0005,600,0.4,Adam
0.7133333333333333,0.4857936507936508,0.37460565148645647,E-CDE-VAE,100,0.0,0.001,1,1,1,0.0005,600,0.4,Adam
0.09,0.10956349206349207,0.11700996801615997,E-CDE-VAE,100,0.0,0.001,1,1,1,0.0005,600,0.4,Adam
0.0,0.03361111111111111,0.05024412571432696,E-CDE-VAE,100,0.0,0.001,1,1,1,0.0005,600,0.4,Adam
0.8433333333333334,0.7278174603174603,0.5523614708734679,E-CDE-VAE,100,0.0,0.001,1,1,1,0.0005,600,0.4,Adam
0.96,0.915436507936508,0.8953865681961657,E-CDE-VAE,100,0.0,0.001,1,1,1,0.0005,600,0.4,Adam
0.0,0.0,0.0,E-CDE-VAE,100,0.0,0.001,1,1,1,0.0005,600,0.4,Adam
0.6133333333333333,0.5048015873015873,0.4636661077140952,E-CDE-VAE,100,0.0,0.001,1,1,1,0.0005,600,0.4,Adam
1.0,0.9354365079365079,0.9317796838094823,E-CDE-VAE,100,0.0,0.001,1,1,1,0.0005,600,0.4,Adam
0.8033333333333333,0.650079365079365,0.5703060364128475,E-CDE-VAE,100,0.0,0.001,1,1,1,0.0005,600,0.4,Adam
0.6133333333333333,0.5384126984126983,0.5364982703914593,E-CDE-VAE,100,0.0,0.001,1,1,1,0.0005,600,0.4,Adam
0.7533333333333333,0.6350793650793649,0.6418513506187655,E-CDE-VAE,100,0.0,0.001,1,1,1,0.0005,600,0.4,Adam
0.04,0.16357142857142856,0.26457968974609847,E-CDE-VAE,100,0.0,0.001,1,1,1,0.0005,600,0.4,Adam
0.45666666666666667,0.3574603174603174,0.25958283224343603,E-CDE-VAE,100,0.0,0.001,1,1,1,0.0005,600,0.4,Adam
0.0,0.021111111111111112,0.04399412571432696,E-CDE-VAE,100,0.0,0.001,1,1,1,0.0005,600,0.4,Adam
0.0,0.047896825396825396,0.05738698285718409,E-CDE-VAE,100,0.0,0.001,1,1,1,0.0005,600,0.4,Adam
0.0,0.0,0.0,E-CDE-VAE,100,0.0,0.001,1,1,1,0.0005,600,0.4,Adam
0.25666666666666665,0.2719047619047619,0.31618616741875255,E-CDE-VAE,100,0.0,0.001,1,1,1,0.0005,600,0.4,Adam
0.0,0.0,0.0,E-CDE-VAE,100,0.0,0.001,1,1,1,0.0005,600,0.4,Adam
0.0,0.01,0.049289103354505835,E-CDE-VAE,100,0.0,0.001,1,1,1,0.0005,600,0.4,Adam
0.0,0.0,0.0,E-CDE-VAE,100,0.0,0.001,1,1,1,0.0005,600,0.4,Adam
0.4133333333333333,0.3569047619047619,0.2927436246244296,E-CDE-VAE,100,0.0,0.001,1,1,1,0.0005,600,0.4,Adam
0.9099999999999999,0.7947619047619048,0.7041762275392306,E-CDE-VAE,100,0.0,0.001,1,1,1,0.0005,600,0.4,Adam
0.0,0.0,0.0,E-CDE-VAE,100,0.0,0.001,1,1,1,0.0005,600,0.4,Adam
0.09,0.1841269841269841,0.3201264988881088,E-CDE-VAE,100,0.0,0.001,1,1,1,0.0005,600,0.4,Adam
0.0,0.0,0.0,E-CDE-VAE,100,0.0,0.001,1,1,1,0.0005,600,0.4,Adam
0.0,0.0,0.0,E-CDE-VAE,100,0.0,0.001,1,1,1,0.0005,600,0.4,Adam
0.96,0.881825396825397,0.8125066368100423,E-CDE-VAE,100,0.0,0.001,1,1,1,0.0005,600,0.4,Adam
0.0,0.0,0.0,E-CDE-VAE,100,0.0,0.001,1,1,1,0.0005,600,0.4,Adam
0.5033333333333333,0.44535714285714284,0.32549428190488566,E-CDE-VAE,100,0.0,0.001,1,1,1,0.0005,600,0.4,Adam
0.15666666666666665,0.1528968253968254,0.1433255530159555,E-CDE-VAE,100,0.0,0.001,1,1,1,0.0005,600,0.4,Adam
1.0,0.9421031746031747,0.7992251676771801,E-CDE-VAE,100,0.0,0.001,1,1,1,0.0005,600,0.4,Adam
0.15666666666666665,0.1640079365079365,0.1736075575181612,E-CDE-VAE,100,0.0,0.001,1,1,1,0.0005,600,0.4,Adam
1.0,0.9143253968253969,0.8199845806927849,E-CDE-VAE,100,0.0,0.001,1,1,1,0.0005,600,0.4,Adam
0.6133333333333333,0.5650793650793651,0.5238602651218749,E-CDE-VAE,100,0.0,0.001,1,1,1,0.0005,600,0.4,Adam
0.15666666666666665,0.23857142857142857,0.3146685336507319,E-CDE-VAE,100,0.0,0.001,1,1,1,0.0005,600,0.4,Adam
0.25666666666666665,0.24079365079365084,0.20458283224343593,E-CDE-VAE,100,0.0,0.001,1,1,1,0.0005,600,0.4,Adam
1.0,1.0,1.0,E-CDE-VAE,100,0.0,0.001,1,1,1,0.0005,600,0.4,Adam
0.8033333333333333,0.6979761904761905,0.702192878930495,E-CDE-VAE,100,0.0,0.001,1,1,1,0.0005,600,0.4,Adam
0.0,0.01,0.038438570158771404,E-CDE-VAE,100,0.0,0.001,1,1,1,0.0005,600,0.4,Adam
0.96,0.7593650793650794,0.5782685060897135,E-CDE-VAE,100,0.0,0.001,1,1,1,0.0005,600,0.4,Adam
0.2866666666666666,0.3806349206349206,0.4233069091641073,E-CDE-VAE,100,0.0,0.001,1,1,1,0.0005,600,0.4,Adam
0.5466666666666666,0.493968253968254,0.5499332482962513,E-CDE-VAE,100,0.0,0.001,1,1,1,0.0005,600,0.4,Adam
0.7133333333333333,0.5503571428571428,0.47781198226438165,E-CDE-VAE,100,0.0,0.001,1,1,1,0.0005,600,0.4,Adam
0.6533333333333333,0.575079365079365,0.5012120391648256,E-CDE-VAE,100,0.0,0.001,1,1,1,0.0005,600,0.4,Adam
1.0,1.0,1.0,E-CDE-VAE,100,0.0,0.001,1,1,1,0.0005,600,0.4,Adam
0.0,0.0,0.0,E-CDE-VAE,100,0.0,0.001,1,1,1,0.0005,600,0.4,Adam
0.5466666666666666,0.505079365079365,0.4678392773806861,E-CDE-VAE,100,0.0,0.001,1,1,1,0.0005,600,0.4,Adam
0.7033333333333334,0.619920634920635,0.5190872195400059,E-CDE-VAE,100,0.0,0.001,1,1,1,0.0005,600,0.4,Adam
0.15666666666666665,0.276468253968254,0.28533894081494704,E-CDE-VAE,100,0.0,0.001,1,1,1,0.0005,600,0.4,Adam
0.3866666666666666,0.39702380952380956,0.3636593010103072,E-CDE-VAE,100,0.0,0.001,1,1,1,0.0005,600,0.4,Adam
0.25666666666666665,0.1928968253968254,0.12988698285718406,E-CDE-VAE,100,0.0,0.001,1,1,1,0.0005,600,0.4,Adam
0.0,0.0,0.0,E-CDE-VAE,100,0.0,0.001,1,1,1,0.0005,600,0.4,Adam
0.5866666666666667,0.5726984126984126,0.5772223042695178,E-CDE-VAE,100,0.0,0.001,1,1,1,0.0005,600,0.4,Adam
0.4133333333333333,0.5129761904761905,0.607192878930495,E-CDE-VAE,100,0.0,0.001,1,1,1,0.0005,600,0.4,Adam
0.4966666666666666,0.4421825396825397,0.4892143247619254,E-CDE-VAE,100,0.0,0.001,1,1,1,0.0005,600,0.4,Adam
0.15666666666666665,0.1428968253968254,0.10488698285718409,E-CDE-VAE,100,0.0,0.001,1,1,1,0.0005,600,0.4,Adam
0.25666666666666665,0.24079365079365084,0.20815426081486454,E-CDE-VAE,100,0.0,0.001,1,1,1,0.0005,600,0.4,Adam
0.24666666666666667,0.4296428571428571,0.5832213183703121,E-CDE-VAE,100,0.0,0.001,1,1,1,0.0005,600,0.4,Adam
0.0,0.0,0.04977341071381319,E-CDE-VAE,100,0.0,0.001,1,1,1,0.0005,600,0.4,Adam
0.3866666666666666,0.41813492063492064,0.4329315848839842,E-CDE-VAE,100,0.0,0.001,1,1,1,0.0005,600,0.4,Adam
0.6133333333333333,0.5003571428571428,0.4195098342060416,E-CDE-VAE,100,0.0,0.001,1,1,1,0.0005,600,0.4,Adam
0.7133333333333333,0.49579365079365073,0.39905047631247315,E-CDE-VAE,100,0.0,0.001,1,1,1,0.0005,600,0.4,Adam
1.0,1.0,1.0,E-CDE-VAE,100,0.0,0.001,1,1,1,0.0005,600,0.4,Adam
0.24666666666666667,0.4296428571428571,0.5086876934554952,E-CDE-VAE,100,0.0,0.001,1,1,1,0.0005,600,0.4,Adam
0.7133333333333333,0.5336904761904762,0.46125969468268224,E-CDE-VAE,100,0.0,0.001,1,1,1,0.0005,600,0.4,Adam
0.8433333333333334,0.8571031746031746,0.8811374839470814,E-CDE-VAE,100,0.0,0.001,1,1,1,0.0005,600,0.4,Adam
0.04,0.13246031746031744,0.13560729904770152,E-CDE-VAE,100,0.0,0.001,1,1,1,0.0005,600,0.4,Adam
0.4133333333333333,0.443968253968254,0.46930019069337964,E-CDE-VAE,100,0.0,0.001,1,1,1,0.0005,600,0.4,Adam
1.0,1.0,1.0,E-CDE-VAE,100,0.0,0.001,1,1,1,0.0005,600,0.4,Adam
1.0,1.0,1.0,E-CDE-VAE,100,0.0,0.001,1,1,1,0.0005,600,0.4,Adam
1.0,1.0,1.0,E-CDE-VAE,100,0.0,0.001,1,1,1,0.0005,600,0.4,Adam
0.8433333333333334,0.7110317460317459,0.6267941009369028,E-CDE-VAE,100,0.0,0.001,1,1,1,0.0005,600,0.4,Adam
0.0,0.11246031746031745,0.15990977138616458,E-CDE-VAE,100,0.0,0.001,1,1,1,0.0005,600,0.4,Adam
0.0,0.0,0.0,E-CDE-VAE,100,0.0,0.001,1,1,1,0.0005,600,0.4,Adam
0.0,0.0,0.0,E-CDE-VAE,100,0.0,0.001,1,1,1,0.0005,600,0.4,Adam
0.24666666666666667,0.3381349206349207,0.3219288530956488,E-CDE-VAE,100,0.0,0.001,1,1,1,0.0005,600,0.4,Adam
0.7033333333333334,0.6143650793650794,0.5615440579372468,E-CDE-VAE,100,0.0,0.001,1,1,1,0.0005,600,0.4,Adam
0.4966666666666666,0.5546428571428572,0.5729893895664019,E-CDE-VAE,100,0.0,0.001,1,1,1,0.0005,600,0.4,Adam
0.0,0.0,0.0,E-CDE-VAE,100,0.0,0.001,1,1,1,0.0005,600,0.4,Adam
0.7033333333333334,0.610079365079365,0.6177693011323042,E-CDE-VAE,100,0.0,0.001,1,1,1,0.0005,600,0.4,Adam
0.9099999999999999,0.8114285714285716,0.6779734384552495,E-CDE-VAE,100,0.0,0.001,1,1,1,0.0005,600,0.4,Adam
0.5033333333333333,0.6125396825396825,0.5990871295457209,E-CDE-VAE,100,0.0,0.001,1,1,1,0.0005,600,0.4,Adam
0.0,0.047896825396825396,0.07826727795768045,E-CDE-VAE,100,0.0,0.001,1,1,1,0.0005,600,0.4,Adam
0.96,0.915436507936508,0.8233792415874458,E-CDE-VAE,100,0.0,0.001,1,1,1,0.0005,600,0.4,Adam
0.4966666666666666,0.5546428571428572,0.6526208281742336,E-CDE-VAE,100,0.0,0.001,1,1,1,0.0005,600,0.4,Adam
0.0,0.0,0.010850533195734433,E-CDE-VAE,100,0.0,0.001,1,1,1,0.0005,600,0.4,Adam
0.0,0.01,0.038438570158771404,E-CDE-VAE,100,0.0,0.001,1,1,1,0.0005,600,0.4,Adam
0.04,0.08456349206349206,0.07572031619051742,E-CDE-VAE,100,0.0,0.001,1,1,1,0.0005,600,0.4,Adam
0.0,0.0,0.0,E-CDE-VAE,100,0.0,0.001,1,1,1,0.0005,600,0.4,Adam
0.0,0.01,0.05931886525926775,E-CDE-VAE,100,0.0,0.001,1,1,1,0.0005,600,0.4,Adam
0.0,0.0,0.0,E-CDE-VAE,100,0.0,0.001,1,1,1,0.0005,600,0.4,Adam
0.0,0.0,0.0,E-CDE-VAE,100,0.0,0.001,1,1,1,0.0005,600,0.4,Adam
0.7433333333333334,0.6778174603174604,0.6498309894439924,E-CDE-VAE,100,0.0,0.001,1,1,1,0.0005,600,0.4,Adam
0.6133333333333333,0.46940476190476177,0.4220762261474335,E-CDE-VAE,100,0.0,0.001,1,1,1,0.0005,600,0.4,Adam
1.0,1.0,1.0,E-CDE-VAE,100,0.0,0.001,1,1,1,0.0005,600,0.4,Adam
0.0,0.0,0.0,E-CDE-VAE,100,0.0,0.001,1,1,1,0.0005,600,0.4,Adam
0.25666666666666665,0.36007936507936505,0.3893727183549166,E-CDE-VAE,100,0.0,0.001,1,1,1,0.0005,600,0.4,Adam
0.8033333333333333,0.7146428571428571,0.627004633868024,E-CDE-VAE,100,0.0,0.001,1,1,1,0.0005,600,0.4,Adam
0.15666666666666665,0.1428968253968254,0.10488698285718409,E-CDE-VAE,100,0.0,0.001,1,1,1,0.0005,600,0.4,Adam
0.0,0.0,0.0,E-CDE-VAE,100,0.0,0.001,1,1,1,0.0005,600,0.4,Adam
0.8699999999999999,0.7101984126984127,0.577197046804245,E-CDE-VAE,100,0.0,0.001,1,1,1,0.0005,600,0.4,Adam
0.04,0.08456349206349206,0.09660061129101379,E-CDE-VAE,100,0.0,0.001,1,1,1,0.0005,600,0.4,Adam
0.4966666666666666,0.4631349206349206,0.3826306074816137,E-CDE-VAE,100,0.0,0.001,1,1,1,0.0005,600,0.4,Adam
0.0,0.01,0.04357014910613982,E-CDE-VAE,100,0.0,0.001,1,1,1,0.0005,600,0.4,Adam
0.96,0.881825396825397,0.7853124034548181,E-CDE-VAE,100,0.0,0.001,1,1,1,0.0005,600,0.4,Adam
0.0,0.0,0.0,E-CDE-VAE,100,0.0,0.001,1,1,1,0.0005,600,0.4,Adam
0.0,0.0,0.0,E-CDE-VAE,100,0.0,0.001,1,1,1,0.0005,600,0.4,Adam
0.15666666666666665,0.1640079365079365,0.21356520285699848,E-CDE-VAE,100,0.0,0.001,1,1,1,0.0005,600,0.4,Adam
0.5033333333333333,0.531031746031746,0.4798756182328163,E-CDE-VAE,100,0.0,0.001,1,1,1,0.0005,600,0.4,Adam
0.25666666666666665,0.33646825396825397,0.3719516723386692,E-CDE-VAE,100,0.0,0.001,1,1,1,0.0005,600,0.4,Adam
0.96,0.8718253968253968,0.697700912778312,E-CDE-VAE,100,0.0,0.001,1,1,1,0.0005,600,0.4,Adam
0.9099999999999999,0.8325396825396826,0.7301119636297655,E-CDE-VAE,100,0.0,0.001,1,1,1,0.0005,600,0.4,Adam
0.13,0.2586904761904762,0.24613648176728672,E-CDE-VAE,100,0.0,0.001,1,1,1,0.0005,600,0.4,Adam
0.5466666666666666,0.548531746031746,0.49016070595211464,E-CDE-VAE,100,0.0,0.001,1,1,1,0.0005,600,0.4,Adam
0.0,0.047896825396825396,0.05738698285718409,E-CDE-VAE,100,0.0,0.001,1,1,1,0.0005,600,0.4,Adam
0.7433333333333334,0.7592063492063492,0.7792874641268605,E-CDE-VAE,100,0.0,0.001,1,1,1,0.0005,600,0.4,Adam
1.0,0.9788888888888889,0.8837920180954237,E-CDE-VAE,100,0.0,0.001,1,1,1,0.0005,600,0.4,Adam
0.0,0.043611111111111114,0.15460948021706536,E-CDE-VAE,100,0.0,0.001,1,1,1,0.0005,600,0.4,Adam
0.0,0.01,0.082286497042689,E-CDE-VAE,100,0.0,0.001,1,1,1,0.0005,600,0.4,Adam
0.25666666666666665,0.1928968253968254,0.16963063166623538,E-CDE-VAE,100,0.0,0.001,1,1,1,0.0005,600,0.4,Adam
0.9099999999999999,0.8804365079365081,0.8159361239895295,E-CDE-VAE,100,0.0,0.001,1,1,1,0.0005,600,0.4,Adam
0.0,0.0,0.0,E-CDE-VAE,100,0.0,0.001,1,1,1,0.0005,600,0.4,Adam
0.09,0.15746031746031747,0.18118428119008617,E-CDE-VAE,100,0.0,0.001,1,1,1,0.0005,600,0.4,Adam
0.0,0.0,0.0,E-CDE-VAE,100,0.0,0.001,1,1,1,0.0005,600,0.4,Adam
0.0,0.0,0.0,E-CDE-VAE,100,0.0,0.001,1,1,1,0.0005,600,0.4,Adam
0.6133333333333333,0.5582539682539682,0.5657321511907425,E-CDE-VAE,100,0.0,0.001,1,1,1,0.0005,600,0.4,Adam
0.2866666666666666,0.44948412698412693,0.4973716973600874,E-CDE-VAE,100,0.0,0.001,1,1,1,0.0005,600,0.4,Adam
0.0,0.09817460317460318,0.14860024757664075,E-CDE-VAE,100,0.0,0.001,1,1,1,0.0005,600,0.4,Adam
0.0,0.0,0.0,E-CDE-VAE,100,0.0,0.001,1,1,1,0.0005,600,0.4,Adam
0.0,0.01,0.09063703023842343,E-CDE-VAE,100,0.0,0.001,1,1,1,0.0005,600,0.4,Adam
0.0,0.0,0.0,E-CDE-VAE,100,0.0,0.001,1,1,1,0.0005,600,0.4,Adam
0.09,0.10956349206349207,0.09612967291566363,E-CDE-VAE,100,0.0,0.001,1,1,1,0.0005,600,0.4,Adam
0.0,0.0,0.0,E-CDE-VAE,100,0.0,0.001,1,1,1,0.0005,600,0.4,Adam
1.0,0.9521031746031747,0.9426130171428155,E-CDE-VAE,100,0.0,0.001,1,1,1,0.0005,600,0.4,Adam
0.45666666666666667,0.37440476190476185,0.425905940894331,E-CDE-VAE,100,0.0,0.001,1,1,1,0.0005,600,0.4,Adam
0.0,0.0,0.0,E-CDE-VAE,100,0.0,0.001,1,1,1,0.0005,600,0.4,Adam
0.0,0.0,0.0,E-CDE-VAE,100,0.0,0.001,1,1,1,0.0005,600,0.4,Adam
0.5866666666666667,0.5896428571428571,0.5946469425397444,E-CDE-VAE,100,0.0,0.001,1,1,1,0.0005,600,0.4,Adam
0.8433333333333334,0.7880952380952382,0.7169420289892426,E-CDE-VAE,100,0.0,0.001,1,1,1,0.0005,600,0.4,Adam
0.96,0.8339285714285716,0.7109961488889507,E-CDE-VAE,100,0.0,0.001,1,1,1,0.0005,600,0.4,Adam
0.0,0.021111111111111112,0.04399412571432696,E-CDE-VAE,100,0.0,0.001,1,1,1,0.0005,600,0.4,Adam
0.6533333333333333,0.6229761904761906,0.6093070302590426,E-CDE-VAE,100,0.0,0.001,1,1,1,0.0005,600,0.4,Adam
0.04,0.08456349206349206,0.07572031619051742,E-CDE-VAE,100,0.0,0.001,1,1,1,0.0005,600,0.4,Adam
1.0,1.0,1.0,E-CDE-VAE,100,0.0,0.001,1,1,1,0.0005,600,0.4,Adam
0.09,0.20107142857142857,0.30736875010094833,E-CDE-VAE,100,0.0,0.001,1,1,1,0.0005,600,0.4,Adam
0.0,0.021111111111111112,0.09653980801620121,E-CDE-VAE,100,0.0,0.001,1,1,1,0.0005,600,0.4,Adam
0.25666666666666665,0.2140079365079365,0.18785664176724548,E-CDE-VAE,100,0.0,0.001,1,1,1,0.0005,600,0.4,Adam
0.5466666666666666,0.4503571428571428,0.39222383073582756,E-CDE-VAE,100,0.0,0.001,1,1,1,0.0005,600,0.4,Adam
0.0,0.0,0.0,E-CDE-VAE,100,0.0,0.001,1,1,1,0.0005,600,0.4,Adam
0.4533333333333333,0.528531746031746,0.5364128462696575,E-CDE-VAE,100,0.0,0.001,1,1,1,0.0005,600,0.4,Adam
1.0,1.0,1.0,E-CDE-VAE,100,0.0,0.001,1,1,1,0.0005,600,0.4,Adam
0.15666666666666665,0.18650793650793648,0.30257263827503766,E-CDE-VAE,100,0.0,0.001,1,1,1,0.0005,600,0.4,Adam
0.45666666666666667,0.44896825396825396,0.4956627374603381,E-CDE-VAE,100,0.0,0.001,1,1,1,0.0005,600,0.4,Adam
0.13,0.19412698412698412,0.2380877636295593,E-CDE-VAE,100,0.0,0.001,1,1,1,0.0005,600,0.4,Adam
0.15666666666666665,0.1428968253968254,0.1408255530159555,E-CDE-VAE,100,0.0,0.001,1,1,1,0.0005,600,0.4,Adam
1.0,1.0,1.0,E-CDE-VAE,100,0.0,0.001,1,1,1,0.0005,600,0.4,Adam
0.0,0.0,0.0,E-CDE-VAE,100,0.0,0.001,1,1,1,0.0005,600,0.4,Adam
0.09,0.13067460317460317,0.15694089085149454,E-CDE-VAE,100,0.0,0.001,1,1,1,0.0005,600,0.4,Adam
0.3866666666666666,0.38702380952380955,0.296327615238219,E-CDE-VAE,100,0.0,0.001,1,1,1,0.0005,600,0.4,Adam
0.9099999999999999,0.825873015873016,0.8208411443647512,E-CDE-VAE,100,0.0,0.001,1,1,1,0.0005,600,0.4,Adam
0.0,0.021111111111111112,0.08218328734389106,E-CDE-VAE,100,0.0,0.001,1,1,1,0.0005,600,0.4,Adam
0.8433333333333334,0.7489285714285715,0.6218848100214199,E-CDE-VAE,100,0.0,0.001,1,1,1,0.0005,600,0.4,Adam
0.25666666666666665,0.2265079365079365,0.22692021192601683,E-CDE-VAE,100,0.0,0.001,1,1,1,0.0005,600,0.4,Adam
0.0,0.0,0.013975533195734432,E-CDE-VAE,100,0.0,0.001,1,1,1,0.0005,600,0.4,Adam
0.5866666666666667,0.534920634920635,0.45867647015866836,E-CDE-VAE,100,0.0,0.001,1,1,1,0.0005,600,0.4,Adam
0.0,0.0,0.04428910335450583,E-CDE-VAE,100,0.0,0.001,1,1,1,0.0005,600,0.4,Adam
0.0,0.11246031746031745,0.15200041466101838,E-CDE-VAE,100,0.0,0.001,1,1,1,0.0005,600,0.4,Adam
0.0,0.09817460317460318,0.15019527020107515,E-CDE-VAE,100,0.0,0.001,1,1,1,0.0005,600,0.4,Adam
1.0,1.0,0.9752735510533496,E-CDE-VAE,100,0.0,0.001,1,1,1,0.0005,600,0.4,Adam
0.0,0.021111111111111112,0.04399412571432696,E-CDE-VAE,100,0.0,0.001,1,1,1,0.0005,600,0.4,Adam
0.7033333333333334,0.6579761904761906,0.7156314490892665,E-CDE-VAE,100,0.0,0.001,1,1,1,0.0005,600,0.4,Adam
1.0,1.0,0.9920906432748536,E-CDE-VAE,100,0.0,0.001,1,1,1,0.0005,600,0.4,Adam
0.0,0.0790079365079365,0.17838982783642227,E-CDE-VAE,100,0.0,0.001,1,1,1,0.0005,600,0.4,Adam
0.15666666666666665,0.31007936507936507,0.427181812640404,E-CDE-VAE,100,0.0,0.001,1,1,1,0.0005,600,0.4,Adam
0.0,0.01,0.06316501910542158,E-CDE-VAE,100,0.0,0.001,1,1,1,0.0005,600,0.4,Adam
0.0,0.0,0.047414103354505834,E-CDE-VAE,100,0.0,0.001,1,1,1,0.0005,600,0.4,Adam
0.8699999999999999,0.6865873015873016,0.6039991232967239,E-CDE-VAE,100,0.0,0.001,1,1,1,0.0005,600,0.4,Adam
0.0,0.06472222222222221,0.22725781936501752,E-CDE-VAE,100,0.0,0.001,1,1,1,0.0005,600,0.4,Adam
0.8433333333333334,0.8571031746031746,0.8223863404397461,E-CDE-VAE,100,0.0,0.001,1,1,1,0.0005,600,0.4,Adam
0.96,0.8297619047619047,0.7031222172650191,E-CDE-VAE,100,0.0,0.001,1,1,1,0.0005,600,0.4,Adam
0.0,0.0,0.0,E-CDE-VAE,100,0.0,0.001,1,1,1,0.0005,600,0.4,Adam
0.4966666666666666,0.37746031746031744,0.2556072990477015,E-CDE-VAE,100,0.0,0.001,1,1,1,0.0005,600,0.4,Adam
0.19666666666666666,0.27535714285714286,0.31620461603240246,E-CDE-VAE,100,0.0,0.001,1,1,1,0.0005,600,0.4,Adam
0.7433333333333334,0.7592063492063492,0.7839363824599894,E-CDE-VAE,100,0.0,0.001,1,1,1,0.0005,600,0.4,Adam
0.04,0.2517460317460317,0.34439942775662596,E-CDE-VAE,100,0.0,0.001,1,1,1,0.0005,600,0.4,Adam
0.19666666666666666,0.23746031746031743,0.2688192799202861,E-CDE-VAE,100,0.0,0.001,1,1,1,0.0005,600,0.4,Adam
0.2866666666666666,0.416031746031746,0.44683645559806545,E-CDE-VAE,100,0.0,0.001,1,1,1,0.0005,600,0.4,Adam
0.0,0.0,0.0,E-CDE-VAE,100,0.0,0.001,1,1,1,0.0005,600,0.4,Adam
1.0,0.925436507936508,0.8907095347033428,E-CDE-VAE,100,0.0,0.001,1,1,1,0.0005,600,0.4,Adam
0.0,0.0,0.0,E-CDE-VAE,100,0.0,0.001,1,1,1,0.0005,600,0.4,Adam
0.0,0.0,0.05216469482529853,E-CDE-VAE,100,0.0,0.001,1,1,1,0.0005,600,0.4,Adam
0.25666666666666665,0.2719047619047619,0.28846655150834716,E-CDE-VAE,100,0.0,0.001,1,1,1,0.0005,600,0.4,Adam
0.7433333333333334,0.7492063492063492,0.670857260000062,E-CDE-VAE,100,0.0,0.001,1,1,1,0.0005,600,0.4,Adam
0.13,0.2923015873015873,0.3454203023069123,E-CDE-VAE,100,0.0,0.001,1,1,1,0.0005,600,0.4,Adam
0.19666666666666666,0.3399206349206349,0.35098636206414846,E-CDE-VAE,100,0.0,0.001,1,1,1,0.0005,600,0.4,Adam
0.0,0.0,0.0,E-CDE-VAE,100,0.0,0.001,1,1,1,0.0005,600,0.4,Adam
1.0,0.9788888888888889,0.9560058742856729,E-CDE-VAE,100,0.0,0.001,1,1,1,0.0005,600,0.4,Adam
0.96,0.8464285714285715,0.7756268112692261,E-CDE-VAE,100,0.0,0.001,1,1,1,0.0005,600,0.4,Adam
1.0,1.0,1.0,E-CDE-VAE,100,0.0,0.001,1,1,1,0.0005,600,0.4,Adam
1.0,0.9452777777777779,0.7505568068842062,E-CDE-VAE,100,0.0,0.001,1,1,1,0.0005,600,0.4,Adam
0.8033333333333333,0.7246428571428571,0.7073216238096268,E-CDE-VAE,100,0.0,0.001,1,1,1,0.0005,600,0.4,Adam
0.5466666666666666,0.43357142857142855,0.3645155281165343,E-CDE-VAE,100,0.0,0.001,1,1,1,0.0005,600,0.4,Adam
0.9099999999999999,0.8089285714285716,0.6958643158527059,E-CDE-VAE,100,0.0,0.001,1,1,1,0.0005,600,0.4,Adam
0.0,0.047896825396825396,0.12380718825378267,E-CDE-VAE,100,0.0,0.001,1,1,1,0.0005,600,0.4,Adam
0.0,0.0,0.010850533195734433,E-CDE-VAE,100,0.0,0.001,1,1,1,0.0005,600,0.4,Adam
0.0,0.0,0.0,E-CDE-VAE,100,0.0,0.001,1,1,1,0.0005,600,0.4,Adam
0.09,0.26563492063492067,0.36868430438670374,E-CDE-VAE,100,0.0,0.001,1,1,1,0.0005,600,0.4,Adam
0.0,0.0,0.0,E-CDE-VAE,100,0.0,0.001,1,1,1,0.0005,600,0.4,Adam
0.96,0.915436507936508,0.869960818550215,E-CDE-VAE,100,0.0,0.001,1,1,1,0.0005,600,0.4,Adam
0.0,0.0,0.0,E-CDE-VAE,100,0.0,0.001,1,1,1,0.0005,600,0.4,Adam
0.3866666666666666,0.46158730158730155,0.42521295053415786,E-CDE-VAE,100,0.0,0.001,1,1,1,0.0005,600,0.4,Adam
0.25666666666666665,0.1928968253968254,0.23570500749680315,E-CDE-VAE,100,0.0,0.001,1,1,1,0.0005,600,0.4,Adam
0.2966666666666667,0.34202380952380956,0.33829771299392036,E-CDE-VAE,100,0.0,0.001,1,1,1,0.0005,600,0.4,Adam
0.0,0.0,0.0,E-CDE-VAE,100,0.0,0.001,1,1,1,0.0005,600,0.4,Adam
0.24666666666666667,0.3003571428571429,0.26780314843395336,E-CDE-VAE,100,0.0,0.001,1,1,1,0.0005,600,0.4,Adam
0.3466666666666667,0.36702380952380953,0.286327615238219,E-CDE-VAE,100,0.0,0.001,1,1,1,0.0005,600,0.4,Adam
0.7533333333333333,0.7164285714285714,0.6554444527780441,E-CDE-VAE,100,0.0,0.001,1,1,1,0.0005,600,0.4,Adam
0.4533333333333333,0.528531746031746,0.5316268427994435,E-CDE-VAE,100,0.0,0.001,1,1,1,0.0005,600,0.4,Adam
0.4133333333333333,0.43841269841269837,0.4354388948255048,E-CDE-VAE,100,0.0,0.001,1,1,1,0.0005,600,0.4,Adam
1.0,0.9521031746031747,0.9006789658569845,E-CDE-VAE,100,0.0,0.001,1,1,1,0.0005,600,0.4,Adam
0.0,0.0,0.0079093567251462,E-CDE-VAE,100,0.0,0.001,1,1,1,0.0005,600,0.4,Adam
0.0,0.06456349206349207,0.12100490067208332,E-CDE-VAE,100,0.0,0.001,1,1,1,0.0005,600,0.4,Adam
0.0,0.0,0.0,E-CDE-VAE,100,0.0,0.001,1,1,1,0.0005,600,0.4,Adam
0.0,0.047896825396825396,0.11100654741715113,E-CDE-VAE,100,0.0,0.001,1,1,1,0.0005,600,0.4,Adam
0.0,0.08567460317460318,0.17838843518023087,E-CDE-VAE,100,0.0,0.001,1,1,1,0.0005,600,0.4,Adam
0.0,0.047896825396825396,0.08617663468282663,E-CDE-VAE,100,0.0,0.001,1,1,1,0.0005,600,0.4,Adam
0.9099999999999999,0.8114285714285716,0.6697419221645229,E-CDE-VAE,100,0.0,0.001,1,1,1,0.0005,600,0.4,Adam
0.0,0.0,0.0,E-CDE-VAE,100,0.0,0.001,1,1,1,0.0005,600,0.4,Adam
0.15666666666666665,0.1428968253968254,0.1783129602595547,E-CDE-VAE,100,0.0,0.001,1,1,1,0.0005,600,0.4,Adam
0.0,0.0,0.0,E-CDE-VAE,100,0.0,0.001,1,1,1,0.0005,600,0.4,Adam
0.0,0.01,0.038438570158771404,E-CDE-VAE,100,0.0,0.001,1,1,1,0.0005,600,0.4,Adam
0.0,0.0,0.0,E-CDE-VAE,100,0.0,0.001,1,1,1,0.0005,600,0.4,Adam
0.5433333333333333,0.6971031746031746,0.7373853436295387,E-CDE-VAE,100,0.0,0.001,1,1,1,0.0005,600,0.4,Adam
0.09,0.10956349206349207,0.10219584938625186,E-CDE-VAE,100,0.0,0.001,1,1,1,0.0005,600,0.4,Adam
0.09,0.10956349206349207,0.08822031619051743,E-CDE-VAE,100,0.0,0.001,1,1,1,0.0005,600,0.4,Adam
0.0,0.0,0.0,E-CDE-VAE,100,0.0,0.001,1,1,1,0.0005,600,0.4,Adam
0.13,0.21523809523809523,0.26155432265532885,E-CDE-VAE,100,0.0,0.001,1,1,1,0.0005,600,0.4,Adam
1.0,1.0,1.0,E-CDE-VAE,100,0.0,0.001,1,1,1,0.0005,600,0.4,Adam
0.0,0.0,0.0,E-CDE-VAE,100,0.0,0.001,1,1,1,0.0005,600,0.4,Adam
0.8699999999999999,0.7579761904761905,0.6725071378999397,E-CDE-VAE,100,0.0,0.001,1,1,1,0.0005,600,0.4,Adam
0.8433333333333334,0.734642857142857,0.6782825634547771,E-CDE-VAE,100,0.0,0.001,1,1,1,0.0005,600,0.4,Adam
0.15666666666666665,0.1428968253968254,0.15563441954502324,E-CDE-VAE,100,0.0,0.001,1,1,1,0.0005,600,0.4,Adam
0.13,0.2756349206349206,0.31977810244451116,E-CDE-VAE,100,0.0,0.001,1,1,1,0.0005,600,0.4,Adam
0.0,0.0,0.0,E-CDE-VAE,100,0.0,0.001,1,1,1,0.0005,600,0.4,Adam
0.4133333333333333,0.34579365079365076,0.3002290047413886,E-CDE-VAE,100,0.0,0.001,1,1,1,0.0005,600,0.4,Adam
0.6533333333333333,0.6875396825396825,0.674438578492371,E-CDE-VAE,100,0.0,0.001,1,1,1,0.0005,600,0.4,Adam
0.7133333333333333,0.5548015873015874,0.49876491821731755,E-CDE-VAE,100,0.0,0.001,1,1,1,0.0005,600,0.4,Adam
0.0,0.0,0.0,E-CDE-VAE,100,0.0,0.001,1,1,1,0.0005,600,0.4,Adam
0.45666666666666667,0.3365079365079365,0.2870517908733853,E-CDE-VAE,100,0.0,0.001,1,1,1,0.0005,600,0.4,Adam
0.15666666666666665,0.245515873015873,0.31183567722267413,E-CDE-VAE,100,0.0,0.001,1,1,1,0.0005,600,0.4,Adam
0.8699999999999999,0.7511507936507936,0.5892477534505398,E-CDE-VAE,100,0.0,0.001,1,1,1,0.0005,600,0.4,Adam
0.0,0.0,0.0,E-CDE-VAE,100,0.0,0.001,1,1,1,0.0005,600,0.4,Adam
0.0,0.0,0.0334385701587714,E-CDE-VAE,100,0.0,0.001,1,1,1,0.0005,600,0.4,Adam
0.25666666666666665,0.2574603174603175,0.23892803962463405,E-CDE-VAE,100,0.0,0.001,1,1,1,0.0005,600,0.4,Adam
0.15666666666666665,0.1428968253968254,0.11792791852969871,E-CDE-VAE,100,0.0,0.001,1,1,1,0.0005,600,0.4,Adam
0.96,0.8675396825396826,0.817853006127,E-CDE-VAE,100,0.0,0.001,1,1,1,0.0005,600,0.4,Adam
0.0,0.0,0.0025,E-CDE-VAE,100,0.0,0.001,1,1,1,0.0005,600,0.4,Adam
0.0,0.06472222222222221,0.20560963202604068,E-CDE-VAE,100,0.0,0.001,1,1,1,0.0005,600,0.4,Adam
0.0,0.01,0.05931886525926775,E-CDE-VAE,100,0.0,0.001,1,1,1,0.0005,600,0.4,Adam
1.0,1.0,1.0,E-CDE-VAE,100,0.0,0.001,1,1,1,0.0005,600,0.4,Adam
0.0,0.0,0.03818916162956411,E-CDE-VAE,100,0.0,0.001,1,1,1,0.0005,600,0.4,Adam
0.0,0.17718253968253966,0.36143654698414757,E-CDE-VAE,100,0.0,0.001,1,1,1,0.0005,600,0.4,Adam
0.9099999999999999,0.8804365079365081,0.8184361239895296,E-CDE-VAE,100,0.0,0.001,1,1,1,0.0005,600,0.4,Adam
0.0,0.0,0.024726448946650187,E-CDE-VAE,100,0.0,0.001,1,1,1,0.0005,600,0.4,Adam
0.5866666666666667,0.4970238095238095,0.5025118350002251,E-CDE-VAE,100,0.0,0.001,1,1,1,0.0005,600,0.4,Adam
0.45666666666666667,0.4121825396825397,0.3889568893438863,E-CDE-VAE,100,0.0,0.001,1,1,1,0.0005,600,0.4,Adam
0.45666666666666667,0.2928968253968254,0.1823869828571841,E-CDE-VAE,100,0.0,0.001,1,1,1,0.0005,600,0.4,Adam
0.5033333333333333,0.5746428571428572,0.6110797406927436,E-CDE-VAE,100,0.0,0.001,1,1,1,0.0005,600,0.4,Adam
1.0,1.0,1.0,E-CDE-VAE,100,0.0,0.001,1,1,1,0.0005,600,0.4,Adam
0.0,0.0,0.0,E-CDE-VAE,100,0.0,0.001,1,1,1,0.0005,600,0.4,Adam
1.0,0.968888888888889,0.8602372650998813,E-CDE-VAE,100,0.0,0.001,1,1,1,0.0005,600,0.4,Adam
1.0,1.0,1.0,E-CDE-VAE,100,0.0,0.001,1,1,1,0.0005,600,0.4,Adam
0.5466666666666666,0.43357142857142855,0.4337450769474763,E-CDE-VAE,100,0.0,0.001,1,1,1,0.0005,600,0.4,Adam
0.0,0.0,0.0,E-CDE-VAE,100,0.0,0.001,1,1,1,0.0005,600,0.4,Adam
0.0,0.0,0.0,E-CDE-VAE,100,0.0,0.001,1,1,1,0.0005,600,0.4,Adam
0.0,0.0,0.0,E-CDE-VAE,100,0.0,0.001,1,1,1,0.0005,600,0.4,Adam
1.0,0.9788888888888889,0.9242750459894422,E-CDE-VAE,100,0.0,0.001,1,1,1,0.0005,600,0.4,Adam
0.5433333333333333,0.594484126984127,0.5255825940055816,E-CDE-VAE,100,0.0,0.001,1,1,1,0.0005,600,0.4,Adam
0.0,0.0,0.0,E-CDE-VAE,100,0.0,0.001,1,1,1,0.0005,600,0.4,Adam
0.5466666666666666,0.48396825396825405,0.4282840899210868,E-CDE-VAE,100,0.0,0.001,1,1,1,0.0005,600,0.4,Adam
0.2966666666666667,0.368968253968254,0.3793952010321979,E-CDE-VAE,100,0.0,0.001,1,1,1,0.0005,600,0.4,Adam
0.0,0.0,0.0,E-CDE-VAE,100,0.0,0.001,1,1,1,0.0005,600,0.4,Adam
0.5033333333333333,0.6014285714285714,0.6018665540685665,E-CDE-VAE,100,0.0,0.001,1,1,1,0.0005,600,0.4,Adam
0.2966666666666667,0.3631349206349207,0.4297059420627532,E-CDE-VAE,100,0.0,0.001,1,1,1,0.0005,600,0.4,Adam
0.0,0.14607142857142857,0.19807787370867866,E-CDE-VAE,100,0.0,0.001,1,1,1,0.0005,600,0.4,Adam
0.7133333333333333,0.5773015873015873,0.5233352784126777,E-CDE-VAE,100,0.0,0.001,1,1,1,0.0005,600,0.4,Adam
0.09,0.22202380952380954,0.28930150087270823,E-CDE-VAE,100,0.0,0.001,1,1,1,0.0005,600,0.4,Adam
1.0,0.9354365079365079,0.8821149889841842,E-CDE-VAE,100,0.0,0.001,1,1,1,0.0005,600,0.4,Adam
0.7033333333333334,0.6889285714285714,0.6967344718834656,E-CDE-VAE,100,0.0,0.001,1,1,1,0.0005,600,0.4,Adam
0.0,0.0,0.017308866529067764,E-CDE-VAE,100,0.0,0.001,1,1,1,0.0005,600,0.4,Adam
1.0,1.0,1.0,E-CDE-VAE,100,0.0,0.001,1,1,1,0.0005,600,0.4,Adam
0.09,0.10956349206349207,0.11294676513716762,E-CDE-VAE,100,0.0,0.001,1,1,1,0.0005,600,0.4,Adam
0.0,0.0,0.0,E-CDE-VAE,100,0.0,0.001,1,1,1,0.0005,600,0.4,Adam
0.0,0.047896825396825396,0.08589885690504886,E-CDE-VAE,100,0.0,0.001,1,1,1,0.0005,600,0.4,Adam
0.09,0.20107142857142857,0.28506800045499736,E-CDE-VAE,100,0.0,0.001,1,1,1,0.0005,600,0.4,Adam
0.0,0.0,0.0,E-CDE-VAE,100,0.0,0.001,1,1,1,0.0005,600,0.4,Adam
0.0,0.0,0.0,E-CDE-VAE,100,0.0,0.001,1,1,1,0.0005,600,0.4,Adam
0.0,0.0,0.0,E-CDE-VAE,100,0.0,0.001,1,1,1,0.0005,600,0.4,Adam
0.5433333333333333,0.573531746031746,0.5949941647619666,E-CDE-VAE,100,0.0,0.001,1,1,1,0.0005,600,0.4,Adam
0.0,0.0,0.0,E-CDE-VAE,100,0.0,0.001,1,1,1,0.0005,600,0.4,Adam
0.24666666666666667,0.396031746031746,0.4234733603599703,E-CDE-VAE,100,0.0,0.001,1,1,1,0.0005,600,0.4,Adam
0.7433333333333334,0.7734920634920635,0.7700954807146758,E-CDE-VAE,100,0.0,0.001,1,1,1,0.0005,600,0.4,Adam
0.45666666666666667,0.32400793650793647,0.3201431388099344,E-CDE-VAE,100,0.0,0.001,1,1,1,0.0005,600,0.4,Adam
0.0,0.0,0.0,E-CDE-VAE,100,0.0,0.001,1,1,1,0.0005,600,0.4,Adam
1.0,1.0,0.9860244668042654,E-CDE-VAE,100,0.0,0.001,1,1,1,0.0005,600,0.4,Adam
0.0,0.0,0.0,E-CDE-VAE,100,0.0,0.001,1,1,1,0.0005,600,0.4,Adam
0.4533333333333333,0.5229761904761905,0.5783131323011353,E-CDE-VAE,100,0.0,0.001,1,1,1,0.0005,600,0.4,Adam
0.0,0.07456349206349207,0.2232936789302889,E-CDE-VAE,100,0.0,0.001,1,1,1,0.0005,600,0.4,Adam
0.04,0.2617460317460317,0.41828094742374927,E-CDE-VAE,100,0.0,0.001,1,1,1,0.0005,600,0.4,Adam
0.45666666666666667,0.34079365079365076,0.23727396571436815,E-CDE-VAE,100,0.0,0.001,1,1,1,0.0005,600,0.4,Adam
0.0,0.0,0.0,E-CDE-VAE,100,0.0,0.001,1,1,1,0.0005,600,0.4,Adam
0.5433333333333333,0.6859920634920634,0.6913467601799643,E-CDE-VAE,100,0.0,0.001,1,1,1,0.0005,600,0.4,Adam
0.0,0.0,0.0,E-CDE-VAE,100,0.0,0.001,1,1,1,0.0005,600,0.4,Adam
0.04,0.09456349206349206,0.16569858117458733,E-CDE-VAE,100,0.0,0.001,1,1,1,0.0005,600,0.4,Adam
0.0,0.0,0.0,E-CDE-VAE,100,0.0,0.001,1,1,1,0.0005,600,0.4,Adam
0.0,0.0,0.0334385701587714,E-CDE-VAE,100,0.0,0.001,1,1,1,0.0005,600,0.4,Adam
0.0,0.0,0.005131578947368421,E-CDE-VAE,100,0.0,0.001,1,1,1,0.0005,600,0.4,Adam
0.3466666666666667,0.35035714285714287,0.29196981510062003,E-CDE-VAE,100,0.0001,0.001,1,1,1,0.0005,600,0.4,Adam
0.7433333333333334,0.651031746031746,0.5727586328360321,E-CDE-VAE,100,0.0001,0.001,1,1,1,0.0005,600,0.4,Adam
0.0,0.0,0.0,E-CDE-VAE,100,0.0001,0.001,1,1,1,0.0005,600,0.4,Adam
0.0,0.06456349206349207,0.10679046529665726,E-CDE-VAE,100,0.0001,0.001,1,1,1,0.0005,600,0.4,Adam
0.9099999999999999,0.825873015873016,0.780303844762049,E-CDE-VAE,100,0.0001,0.001,1,1,1,0.0005,600,0.4,Adam
0.45666666666666667,0.2928968253968254,0.2507119501585446,E-CDE-VAE,100,0.0001,0.001,1,1,1,0.0005,600,0.4,Adam
0.2866666666666666,0.3917460317460317,0.41381330335471206,E-CDE-VAE,100,0.0001,0.001,1,1,1,0.0005,600,0.4,Adam
0.0,0.0,0.0,E-CDE-VAE,100,0.0001,0.001,1,1,1,0.0005,600,0.4,Adam
0.0,0.16718253968253965,0.23038648614887003,E-CDE-VAE,100,0.0001,0.001,1,1,1,0.0005,600,0.4,Adam
0.0,0.0,0.013975533195734432,E-CDE-VAE,100,0.0001,0.001,1,1,1,0.0005,600,0.4,Adam
0.0,0.0,0.0,E-CDE-VAE,100,0.0001,0.001,1,1,1,0.0005,600,0.4,Adam
0.0,0.0,0.0,E-CDE-VAE,100,0.0001,0.001,1,1,1,0.0005,600,0.4,Adam
0.5466666666666666,0.4235714285714286,0.40449727216368087,E-CDE-VAE,100,0.0001,0.001,1,1,1,0.0005,600,0.4,Adam
0.45666666666666667,0.2928968253968254,0.19542791852969874,E-CDE-VAE,100,0.0001,0.001,1,1,1,0.0005,600,0.4,Adam
1.0,1.0,0.9920906432748536,E-CDE-VAE,100,0.0001,0.001,1,1,1,0.0005,600,0.4,Adam
0.45666666666666667,0.2928968253968254,0.25331296025955474,E-CDE-VAE,100,0.0001,0.001,1,1,1,0.0005,600,0.4,Adam
0.0,0.0,0.0,E-CDE-VAE,100,0.0001,0.001,1,1,1,0.0005,600,0.4,Adam
0.7133333333333333,0.6318650793650793,0.616381660994664,E-CDE-VAE,100,0.0001,0.001,1,1,1,0.0005,600,0.4,Adam
1.0,0.9354365079365079,0.9095532348628323,E-CDE-VAE,100,0.0001,0.001,1,1,1,0.0005,600,0.4,Adam
0.96,0.8197619047619048,0.666523222005033,E-CDE-VAE,100,0.0001,0.001,1,1,1,0.0005,600,0.4,Adam
1.0,1.0,0.9258528687514757,E-CDE-VAE,100,0.0001,0.001,1,1,1,0.0005,600,0.4,Adam
0.0,0.0,0.0,E-CDE-VAE,100,0.0001,0.001,1,1,1,0.0005,600,0.4,Adam
0.0,0.0,0.0,E-CDE-VAE,100,0.0001,0.001,1,1,1,0.0005,600,0.4,Adam
0.0,0.0,0.0,E-CDE-VAE,100,0.0001,0.001,1,1,1,0.0005,600,0.4,Adam
0.04,0.17023809523809524,0.27190412485691123,E-CDE-VAE,100,0.0001,0.001,1,1,1,0.0005,600,0.4,Adam
0.0,0.0,0.0,E-CDE-VAE,100,0.0001,0.001,1,1,1,0.0005,600,0.4,Adam
0.2966666666666667,0.32535714285714284,0.2882125051590996,E-CDE-VAE,100,0.0001,0.001,1,1,1,0.0005,600,0.4,Adam
0.0,0.0,0.0,E-CDE-VAE,100,0.0001,0.001,1,1,1,0.0005,600,0.4,Adam
0.0,0.0,0.0,E-CDE-VAE,100,0.0001,0.001,1,1,1,0.0005,600,0.4,Adam
0.7433333333333334,0.7759920634920634,0.7525445155979211,E-CDE-VAE,100,0.0001,0.001,1,1,1,0.0005,600,0.4,Adam
1.0,1.0,0.9923684210526315,E-CDE-VAE,100,0.0001,0.001,1,1,1,0.0005,600,0.4,Adam
0.4133333333333333,0.4484126984126983,0.4520642191056278,E-CDE-VAE,100,0.0001,0.001,1,1,1,0.0005,600,0.4,Adam
0.25666666666666665,0.3053571428571428,0.32562660851360536,E-CDE-VAE,100,0.0001,0.001,1,1,1,0.0005,600,0.4,Adam
0.7433333333333334,0.6946428571428571,0.7048707851745776,E-CDE-VAE,100,0.0001,0.001,1,1,1,0.0005,600,0.4,Adam
0.19666666666666666,0.2710714285714285,0.32793767464046103,E-CDE-VAE,100,0.0001,0.001,1,1,1,0.0005,600,0.4,Adam
0.0,0.0,0.0,E-CDE-VAE,100,0.0001,0.001,1,1,1,0.0005,600,0.4,Adam
0.45666666666666667,0.37440476190476185,0.3014936246244296,E-CDE-VAE,100,0.0001,0.001,1,1,1,0.0005,600,0.4,Adam
0.0,0.0,0.005131578947368421,E-CDE-VAE,100,0.0001,0.001,1,1,1,0.0005,600,0.4,Adam
0.8033333333333333,0.7079761904761905,0.660784763052565,E-CDE-VAE,100,0.0001,0.001,1,1,1,0.0005,600,0.4,Adam
0.0,0.0,0.020880295100496337,E-CDE-VAE,100,0.0001,0.001,1,1,1,0.0005,600,0.4,Adam
0.5866666666666667,0.5951984126984126,0.5917432490110509,E-CDE-VAE,100,0.0001,0.001,1,1,1,0.0005,600,0.4,Adam
0.09,0.14317460317460318,0.1782080907138957,E-CDE-VAE,100,0.0001,0.001,1,1,1,0.0005,600,0.4,Adam
0.04,0.1491269841269841,0.17179043458261725,E-CDE-VAE,100,0.0001,0.001,1,1,1,0.0005,600,0.4,Adam
0.6133333333333333,0.5550793650793651,0.545623861862252,E-CDE-VAE,100,0.0001,0.001,1,1,1,0.0005,600,0.4,Adam
0.04,0.08456349206349206,0.10915888634928886,E-CDE-VAE,100,0.0001,0.001,1,1,1,0.0005,600,0.4,Adam
0.5466666666666666,0.5006349206349207,0.43518965876744514,E-CDE-VAE,100,0.0001,0.001,1,1,1,0.0005,600,0.4,Adam
0.0,0.021111111111111112,0.04399412571432696,E-CDE-VAE,100,0.0001,0.001,1,1,1,0.0005,600,0.4,Adam
0.8033333333333333,0.6053571428571429,0.47513483420604175,E-CDE-VAE,100,0.0001,0.001,1,1,1,0.0005,600,0.4,Adam
1.0,1.0,1.0,E-CDE-VAE,100,0.0001,0.001,1,1,1,0.0005,600,0.4,Adam
0.4133333333333333,0.3357936507936508,0.31361175352854914,E-CDE-VAE,100,0.0001,0.001,1,1,1,0.0005,600,0.4,Adam
0.7533333333333333,0.6182539682539684,0.5533196945813045,E-CDE-VAE,100,0.0001,0.001,1,1,1,0.0005,600,0.4,Adam
0.0,0.0,0.0,E-CDE-VAE,100,0.0001,0.001,1,1,1,0.0005,600,0.4,Adam
0.9099999999999999,0.7568650793650793,0.6840543151379065,E-CDE-VAE,100,0.0001,0.001,1,1,1,0.0005,600,0.4,Adam
1.0,1.0,1.0,E-CDE-VAE,100,0.0001,0.001,1,1,1,0.0005,600,0.4,Adam
0.04,0.09456349206349206,0.17745548440207884,E-CDE-VAE,100,0.0001,0.001,1,1,1,0.0005,600,0.4,Adam
0.0,0.0,0.0,E-CDE-VAE,100,0.0001,0.001,1,1,1,0.0005,600,0.4,Adam
0.15666666666666665,0.3200793650793651,0.40437143888962773,E-CDE-VAE,100,0.0001,0.001,1,1,1,0.0005,600,0.4,Adam
0.0,0.0,0.0,E-CDE-VAE,100,0.0001,0.001,1,1,1,0.0005,600,0.4,Adam
0.5433333333333333,0.6971031746031746,0.759789557063164,E-CDE-VAE,100,0.0001,0.001,1,1,1,0.0005,600,0.4,Adam
1.0,1.0,0.9920906432748536,E-CDE-VAE,100,0.0001,0.001,1,1,1,0.0005,600,0.4,Adam
0.45666666666666667,0.3265079365079365,0.25485755751816125,E-CDE-VAE,100,0.0001,0.001,1,1,1,0.0005,600,0.4,Adam
0.0,0.0,0.028893115613316856,E-CDE-VAE,100,0.0001,0.001,1,1,1,0.0005,600,0.4,Adam
0.19666666666666666,0.27535714285714286,0.33948004158723977,E-CDE-VAE,100,0.0001,0.001,1,1,1,0.0005,600,0.4,Adam
0.0,0.0,0.020880295100496337,E-CDE-VAE,100,0.0001,0.001,1,1,1,0.0005,600,0.4,Adam
0.0,0.0,0.0,E-CDE-VAE,100,0.0001,0.001,1,1,1,0.0005,600,0.4,Adam
0.25666666666666665,0.2265079365079365,0.18013110857151107,E-CDE-VAE,100,0.0001,0.001,1,1,1,0.0005,600,0.4,Adam
0.7533333333333333,0.6896428571428571,0.6923072580154622,E-CDE-VAE,100,0.0001,0.001,1,1,1,0.0005,600,0.4,Adam
1.0,0.8228174603174603,0.6582330195604189,E-CDE-VAE,100,0.0001,0.001,1,1,1,0.0005,600,0.4,Adam
0.0,0.0,0.0,E-CDE-VAE,100,0.0001,0.001,1,1,1,0.0005,600,0.4,Adam
0.25666666666666665,0.1928968253968254,0.12988698285718406,E-CDE-VAE,100,0.0001,0.001,1,1,1,0.0005,600,0.4,Adam
0.4133333333333333,0.3357936507936508,0.2736899443865388,E-CDE-VAE,100,0.0001,0.001,1,1,1,0.0005,600,0.4,Adam
0.2966666666666667,0.27746031746031746,0.24535094785675282,E-CDE-VAE,100,0.0001,0.001,1,1,1,0.0005,600,0.4,Adam
1.0,1.0,0.9920906432748536,E-CDE-VAE,100,0.0001,0.001,1,1,1,0.0005,600,0.4,Adam
0.0,0.0,0.017308866529067764,E-CDE-VAE,100,0.0001,0.001,1,1,1,0.0005,600,0.4,Adam
0.0,0.0,0.0,E-CDE-VAE,100,0.0001,0.001,1,1,1,0.0005,600,0.4,Adam
0.0,0.01,0.057545682301874256,E-CDE-VAE,100,0.0001,0.001,1,1,1,0.0005,600,0.4,Adam
0.0,0.0,0.0,E-CDE-VAE,100,0.0001,0.001,1,1,1,0.0005,600,0.4,Adam
0.8033333333333333,0.626468253968254,0.5137179564501546,E-CDE-VAE,100,0.0001,0.001,1,1,1,0.0005,600,0.4,Adam
0.25666666666666665,0.29107142857142854,0.27928999492079987,E-CDE-VAE,100,0.0001,0.001,1,1,1,0.0005,600,0.4,Adam
0.8033333333333333,0.7414285714285713,0.6701998874019,E-CDE-VAE,100,0.0001,0.001,1,1,1,0.0005,600,0.4,Adam
0.0,0.11928571428571429,0.22229025339125957,E-CDE-VAE,100,0.0001,0.001,1,1,1,0.0005,600,0.4,Adam
0.3866666666666666,0.456031746031746,0.5049134377404502,E-CDE-VAE,100,0.0001,0.001,1,1,1,0.0005,600,0.4,Adam
0.0,0.05472222222222223,0.09423825142865391,E-CDE-VAE,100,0.0001,0.001,1,1,1,0.0005,600,0.4,Adam
1.0,1.0,1.0,E-CDE-VAE,100,0.0001,0.001,1,1,1,0.0005,600,0.4,Adam
0.7033333333333334,0.631031746031746,0.6017116833544851,E-CDE-VAE,100,0.0001,0.001,1,1,1,0.0005,600,0.4,Adam
0.8433333333333334,0.7544841269841269,0.6232421332537432,E-CDE-VAE,100,0.0001,0.001,1,1,1,0.0005,600,0.4,Adam
0.0,0.0,0.0,E-CDE-VAE,100,0.0001,0.001,1,1,1,0.0005,600,0.4,Adam
0.0,0.0,0.0,E-CDE-VAE,100,0.0001,0.001,1,1,1,0.0005,600,0.4,Adam
0.4133333333333333,0.49186507936507934,0.48592636787876725,E-CDE-VAE,100,0.0001,0.001,1,1,1,0.0005,600,0.4,Adam
0.0,0.0,0.0,E-CDE-VAE,100,0.0001,0.001,1,1,1,0.0005,600,0.4,Adam
0.9099999999999999,0.8593253968253969,0.7352844738680652,E-CDE-VAE,100,0.0001,0.001,1,1,1,0.0005,600,0.4,Adam
0.13,0.3134126984126985,0.46100162436462744,E-CDE-VAE,100,0.0001,0.001,1,1,1,0.0005,600,0.4,Adam
0.09,0.10956349206349207,0.1171134318038343,E-CDE-VAE,100,0.0001,0.001,1,1,1,0.0005,600,0.4,Adam
0.3466666666666667,0.38813492063492067,0.4130032289262166,E-CDE-VAE,100,0.0001,0.001,1,1,1,0.0005,600,0.4,Adam
1.0,1.0,0.9826911334709321,E-CDE-VAE,100,0.0001,0.001,1,1,1,0.0005,600,0.4,Adam
0.9099999999999999,0.8568253968253968,0.779890626444419,E-CDE-VAE,100,0.0001,0.001,1,1,1,0.0005,600,0.4,Adam
0.0,0.0,0.013350533195734432,E-CDE-VAE,100,0.0001,0.001,1,1,1,0.0005,600,0.4,Adam
1.0,0.9788888888888889,0.8944170180954236,E-CDE-VAE,100,0.0001,0.001,1,1,1,0.0005,600,0.4,Adam
0.96,0.7818650793650793,0.6998819852747871,E-CDE-VAE,100,0.0001,0.001,1,1,1,0.0005,600,0.4,Adam
0.09,0.25313492063492066,0.2988918900586857,E-CDE-VAE,100,0.0001,0.001,1,1,1,0.0005,600,0.4,Adam
0.0,0.0,0.0,E-CDE-VAE,100,0.0001,0.001,1,1,1,0.0005,600,0.4,Adam
0.7433333333333334,0.7734920634920635,0.7181747984128014,E-CDE-VAE,100,0.0001,0.001,1,1,1,0.0005,600,0.4,Adam
0.2966666666666667,0.358968253968254,0.3778190381170258,E-CDE-VAE,100,0.0001,0.001,1,1,1,0.0005,600,0.4,Adam
0.0,0.0,0.0,E-CDE-VAE,100,0.0001,0.001,1,1,1,0.0005,600,0.4,Adam
0.4966666666666666,0.37746031746031744,0.28033374799435173,E-CDE-VAE,100,0.0001,0.001,1,1,1,0.0005,600,0.4,Adam
0.7433333333333334,0.7255952380952382,0.7092039030371072,E-CDE-VAE,100,0.0001,0.001,1,1,1,0.0005,600,0.4,Adam
0.4133333333333333,0.34579365079365076,0.284063069068874,E-CDE-VAE,100,0.0001,0.001,1,1,1,0.0005,600,0.4,Adam
0.25666666666666665,0.1928968253968254,0.12988698285718406,E-CDE-VAE,100,0.0001,0.001,1,1,1,0.0005,600,0.4,Adam
0.5033333333333333,0.5479761904761905,0.5208214983331082,E-CDE-VAE,100,0.0001,0.001,1,1,1,0.0005,600,0.4,Adam
0.7033333333333334,0.6914285714285714,0.6444683711111729,E-CDE-VAE,100,0.0001,0.001,1,1,1,0.0005,600,0.4,Adam
0.0,0.06456349206349207,0.1109855012118944,E-CDE-VAE,100,0.0001,0.001,1,1,1,0.0005,600,0.4,Adam
0.0,0.0,0.0,E-CDE-VAE,100,0.0001,0.001,1,1,1,0.0005,600,0.4,Adam
1.0,1.0,1.0,E-CDE-VAE,100,0.0001,0.001,1,1,1,0.0005,600,0.4,Adam
0.0,0.0,0.010850533195734433,E-CDE-VAE,100,0.0001,0.001,1,1,1,0.0005,600,0.4,Adam
0.6533333333333333,0.6975396825396825,0.6729496763126794,E-CDE-VAE,100,0.0001,0.001,1,1,1,0.0005,600,0.4,Adam
0.9099999999999999,0.8568253968253968,0.7963299275973423,E-CDE-VAE,100,0.0001,0.001,1,1,1,0.0005,600,0.4,Adam
1.0,1.0,1.0,E-CDE-VAE,100,0.0001,0.001,1,1,1,0.0005,600,0.4,Adam
0.8433333333333334,0.7235317460317459,0.6404616833544852,E-CDE-VAE,100,0.0001,0.001,1,1,1,0.0005,600,0.4,Adam
0.5433333333333333,0.6423809523809523,0.6795268388302442,E-CDE-VAE,100,0.0001,0.001,1,1,1,0.0005,600,0.4,Adam
0.0,0.0,0.005131578947368421,E-CDE-VAE,100,0.0001,0.001,1,1,1,0.0005,600,0.4,Adam
0.7033333333333334,0.643531746031746,0.5876029244663147,E-CDE-VAE,100,0.0001,0.001,1,1,1,0.0005,600,0.4,Adam
0.0,0.0,0.047414103354505834,E-CDE-VAE,100,0.0001,0.001,1,1,1,0.0005,600,0.4,Adam
0.25666666666666665,0.24079365079365084,0.2619145180155242,E-CDE-VAE,100,0.0001,0.001,1,1,1,0.0005,600,0.4,Adam
0.5866666666666667,0.5726984126984126,0.5471490289466296,E-CDE-VAE,100,0.0001,0.001,1,1,1,0.0005,600,0.4,Adam
0.45666666666666667,0.3140079365079365,0.23785664176724555,E-CDE-VAE,100,0.0001,0.001,1,1,1,0.0005,600,0.4,Adam
1.0,0.9421031746031747,0.8473555817247769,E-CDE-VAE,100,0.0001,0.001,1,1,1,0.0005,600,0.4,Adam
0.6133333333333333,0.5003571428571428,0.35562586085225406,E-CDE-VAE,100,0.0001,0.001,1,1,1,0.0005,600,0.4,Adam
0.0,0.0,0.0,E-CDE-VAE,100,0.0001,0.001,1,1,1,0.0005,600,0.4,Adam
1.0,1.0,0.9552282360312546,E-CDE-VAE,100,0.0001,0.001,1,1,1,0.0005,600,0.4,Adam
0.3866666666666666,0.5163095238095238,0.5488360918836925,E-CDE-VAE,100,0.0001,0.001,1,1,1,0.0005,600,0.4,Adam
0.4966666666666666,0.3874603174603174,0.35539663015862705,E-CDE-VAE,100,0.0001,0.001,1,1,1,0.0005,600,0.4,Adam
0.15666666666666665,0.1428968253968254,0.22010451730072472,E-CDE-VAE,100,0.0001,0.001,1,1,1,0.0005,600,0.4,Adam
0.2966666666666667,0.346468253968254,0.3755627834497804,E-CDE-VAE,100,0.0001,0.001,1,1,1,0.0005,600,0.4,Adam
0.25666666666666665,0.1928968253968254,0.16807614448674818,E-CDE-VAE,100,0.0001,0.001,1,1,1,0.0005,600,0.4,Adam
1.0,1.0,1.0,E-CDE-VAE,100,0.0001,0.001,1,1,1,0.0005,600,0.4,Adam
0.0,0.0,0.020880295100496337,E-CDE-VAE,100,0.0001,0.001,1,1,1,0.0005,600,0.4,Adam
0.8699999999999999,0.7313095238095239,0.6720704422426559,E-CDE-VAE,100,0.0001,0.001,1,1,1,0.0005,600,0.4,Adam
0.45666666666666667,0.40535714285714286,0.33535230979890424,E-CDE-VAE,100,0.0001,0.001,1,1,1,0.0005,600,0.4,Adam
0.0,0.0,0.005131578947368421,E-CDE-VAE,100,0.0001,0.001,1,1,1,0.0005,600,0.4,Adam
1.0,1.0,1.0,E-CDE-VAE,100,0.0001,0.001,1,1,1,0.0005,600,0.4,Adam
0.0,0.0,0.0,E-CDE-VAE,100,0.0001,0.001,1,1,1,0.0005,600,0.4,Adam
0.0,0.0,0.019808866529067763,E-CDE-VAE,100,0.0001,0.001,1,1,1,0.0005,600,0.4,Adam
0.0,0.0,0.0,E-CDE-VAE,100,0.0001,0.001,1,1,1,0.0005,600,0.4,Adam
0.0,0.0,0.020880295100496337,E-CDE-VAE,100,0.0001,0.001,1,1,1,0.0005,600,0.4,Adam
0.19666666666666666,0.22746031746031745,0.1857388779950699,E-CDE-VAE,100,0.0001,0.001,1,1,1,0.0005,600,0.4,Adam
0.0,0.0,0.017308866529067764,E-CDE-VAE,100,0.0001,0.001,1,1,1,0.0005,600,0.4,Adam
0.09,0.11956349206349207,0.13179046529665725,E-CDE-VAE,100,0.0001,0.001,1,1,1,0.0005,600,0.4,Adam
0.0,0.0,0.017308866529067764,E-CDE-VAE,100,0.0001,0.001,1,1,1,0.0005,600,0.4,Adam
0.7533333333333333,0.6828174603174603,0.6557337672217702,E-CDE-VAE,100,0.0001,0.001,1,1,1,0.0005,600,0.4,Adam
0.0,0.07456349206349207,0.14747962692622135,E-CDE-VAE,100,0.0001,0.001,1,1,1,0.0005,600,0.4,Adam
0.25666666666666665,0.20289682539682538,0.1683255530159555,E-CDE-VAE,100,0.0001,0.001,1,1,1,0.0005,600,0.4,Adam
0.8033333333333333,0.6600793650793649,0.6062354928782947,E-CDE-VAE,100,0.0001,0.001,1,1,1,0.0005,600,0.4,Adam
0.19666666666666666,0.361031746031746,0.4507489706715712,E-CDE-VAE,100,0.0001,0.001,1,1,1,0.0005,600,0.4,Adam
0.6133333333333333,0.5550793650793651,0.545623861862252,E-CDE-VAE,100,0.0001,0.001,1,1,1,0.0005,600,0.4,Adam
0.8699999999999999,0.6865873015873016,0.6253227944655964,E-CDE-VAE,100,0.0001,0.001,1,1,1,0.0005,600,0.4,Adam
0.45666666666666667,0.2928968253968254,0.1798869828571841,E-CDE-VAE,100,0.0001,0.001,1,1,1,0.0005,600,0.4,Adam
0.04,0.19702380952380955,0.29244895283594974,E-CDE-VAE,100,0.0001,0.001,1,1,1,0.0005,600,0.4,Adam
0.04,0.10567460317460317,0.20438310936569448,E-CDE-VAE,100,0.0001,0.001,1,1,1,0.0005,600,0.4,Adam
0.7033333333333334,0.5453571428571429,0.4196056207724165,E-CDE-VAE,100,0.0001,0.001,1,1,1,0.0005,600,0.4,Adam
0.24666666666666667,0.25246031746031744,0.1931072990477015,E-CDE-VAE,100,0.0001,0.001,1,1,1,0.0005,600,0.4,Adam
0.09,0.22202380952380954,0.29539659944458707,E-CDE-VAE,100,0.0001,0.001,1,1,1,0.0005,600,0.4,Adam
0.0,0.0,0.0,E-CDE-VAE,100,0.0001,0.001,1,1,1,0.0005,600,0.4,Adam
0.5433333333333333,0.5878174603174603,0.626715879364873,E-CDE-VAE,100,0.0001,0.001,1,1,1,0.0005,600,0.4,Adam
0.6133333333333333,0.44579365079365074,0.40909577823277515,E-CDE-VAE,100,0.0001,0.001,1,1,1,0.0005,600,0.4,Adam
0.19666666666666666,0.25857142857142856,0.31925917692558564,E-CDE-VAE,100,0.0001,0.001,1,1,1,0.0005,600,0.4,Adam
0.0,0.0,0.0,E-CDE-VAE,100,0.0001,0.001,1,1,1,0.0005,600,0.4,Adam
0.0,0.0,0.010850533195734433,E-CDE-VAE,100,0.0001,0.001,1,1,1,0.0005,600,0.4,Adam
0.0,0.0,0.0,E-CDE-VAE,100,0.0001,0.001,1,1,1,0.0005,600,0.4,Adam
0.15666666666666665,0.1428968253968254,0.1404639649995687,E-CDE-VAE,100,0.0001,0.001,1,1,1,0.0005,600,0.4,Adam
0.8033333333333333,0.7725396825396824,0.7073941207571237,E-CDE-VAE,100,0.0001,0.001,1,1,1,0.0005,600,0.4,Adam
0.8033333333333333,0.5953571428571428,0.5115560649790526,E-CDE-VAE,100,0.0001,0.001,1,1,1,0.0005,600,0.4,Adam
0.0,0.047896825396825396,0.09141167741786937,E-CDE-VAE,100,0.0001,0.001,1,1,1,0.0005,600,0.4,Adam
0.5033333333333333,0.5032539682539683,0.5382321511907426,E-CDE-VAE,100,0.0001,0.001,1,1,1,0.0005,600,0.4,Adam
0.25666666666666665,0.1928968253968254,0.13501856180455246,E-CDE-VAE,100,0.0001,0.001,1,1,1,0.0005,600,0.4,Adam
0.9099999999999999,0.8158730158730159,0.7851803519837576,E-CDE-VAE,100,0.0001,0.001,1,1,1,0.0005,600,0.4,Adam
0.3466666666666667,0.30246031746031743,0.2232388779950699,E-CDE-VAE,100,0.0001,0.001,1,1,1,0.0005,600,0.4,Adam
0.0,0.0,0.0,E-CDE-VAE,100,0.0001,0.001,1,1,1,0.0005,600,0.4,Adam
0.15666666666666665,0.1428968253968254,0.13974281115341486,E-CDE-VAE,100,0.0001,0.001,1,1,1,0.0005,600,0.4,Adam
0.19666666666666666,0.2610714285714285,0.2635868478786435,E-CDE-VAE,100,0.0001,0.001,1,1,1,0.0005,600,0.4,Adam
0.5866666666666667,0.5726984126984126,0.47264916928616624,E-CDE-VAE,100,0.0001,0.001,1,1,1,0.0005,600,0.4,Adam
0.04,0.12817460317460316,0.17203459101098417,E-CDE-VAE,100,0.0001,0.001,1,1,1,0.0005,600,0.4,Adam
0.0,0.0,0.0,E-CDE-VAE,100,0.0001,0.001,1,1,1,0.0005,600,0.4,Adam
0.0,0.047896825396825396,0.11100654741715113,E-CDE-VAE,100,0.0001,0.001,1,1,1,0.0005,600,0.4,Adam
0.6533333333333333,0.541468253968254,0.4920982515506509,E-CDE-VAE,100,0.0001,0.001,1,1,1,0.0005,600,0.4,Adam
0.5466666666666666,0.514920634920635,0.4550029704557568,E-CDE-VAE,100,0.0001,0.001,1,1,1,0.0005,600,0.4,Adam
0.3466666666666667,0.30246031746031743,0.2529631273439323,E-CDE-VAE,100,0.0001,0.001,1,1,1,0.0005,600,0.4,Adam
0.7533333333333333,0.7475396825396825,0.7532731363923314,E-CDE-VAE,100,0.0001,0.001,1,1,1,0.0005,600,0.4,Adam
0.0,0.0,0.0,E-CDE-VAE,100,0.0001,0.001,1,1,1,0.0005,600,0.4,Adam
0.0,0.0,0.0,E-CDE-VAE,100,0.0001,0.001,1,1,1,0.0005,600,0.4,Adam
0.0,0.021111111111111112,0.04399412571432696,E-CDE-VAE,100,0.0001,0.001,1,1,1,0.0005,600,0.4,Adam
0.7033333333333334,0.6368650793650794,0.6094515823443842,E-CDE-VAE,100,0.0001,0.001,1,1,1,0.0005,600,0.4,Adam
0.0,0.0,0.020880295100496337,E-CDE-VAE,100,0.0001,0.001,1,1,1,0.0005,600,0.4,Adam
0.7533333333333333,0.7164285714285714,0.5753212398626486,E-CDE-VAE,100,0.0001,0.001,1,1,1,0.0005,600,0.4,Adam
0.25666666666666665,0.36007936507936505,0.34973253333353954,E-CDE-VAE,100,0.0001,0.001,1,1,1,0.0005,600,0.4,Adam
0.8033333333333333,0.7289285714285714,0.6411557167033174,E-CDE-VAE,100,0.0001,0.001,1,1,1,0.0005,600,0.4,Adam
0.0,0.0,0.0,E-CDE-VAE,100,0.0001,0.001,1,1,1,0.0005,600,0.4,Adam
0.0,0.0,0.0,E-CDE-VAE,100,0.0001,0.001,1,1,1,0.0005,600,0.4,Adam
0.0,0.047896825396825396,0.09332555301595549,E-CDE-VAE,100,0.0001,0.001,1,1,1,0.0005,600,0.4,Adam
0.0,0.0,0.0,E-CDE-VAE,100,0.0001,0.001,1,1,1,0.0005,600,0.4,Adam
0.15666666666666665,0.17650793650793647,0.19737475738056234,E-CDE-VAE,100,0.0001,0.001,1,1,1,0.0005,600,0.4,Adam
0.3466666666666667,0.44603174603174595,0.4859789797405896,E-CDE-VAE,100,0.0001,0.001,1,1,1,0.0005,600,0.4,Adam
0.0,0.0,0.0,E-CDE-VAE,100,0.0001,0.001,1,1,1,0.0005,600,0.4,Adam
0.0,0.0,0.059582277242880954,E-CDE-VAE,100,0.0001,0.001,1,1,1,0.0005,600,0.4,Adam
0.13,0.28563492063492063,0.385514765592165,E-CDE-VAE,100,0.0001,0.001,1,1,1,0.0005,600,0.4,Adam
0.15666666666666665,0.17650793650793647,0.19432486502145946,E-CDE-VAE,100,0.0001,0.001,1,1,1,0.0005,600,0.4,Adam
0.0,0.0815079365079365,0.1346475774397601,E-CDE-VAE,100,0.0001,0.001,1,1,1,0.0005,600,0.4,Adam
0.0,0.0,0.0,E-CDE-VAE,100,0.0001,0.001,1,1,1,0.0005,600,0.4,Adam
0.7133333333333333,0.5169047619047619,0.39220666158746653,E-CDE-VAE,100,0.0001,0.001,1,1,1,0.0005,600,0.4,Adam
0.5466666666666666,0.4571825396825397,0.4130929871641946,E-CDE-VAE,100,0.0001,0.001,1,1,1,0.0005,600,0.4,Adam
0.0,0.0,0.0,E-CDE-VAE,100,0.0001,0.001,1,1,1,0.0005,600,0.4,Adam
0.8699999999999999,0.6765873015873016,0.507624913571121,E-CDE-VAE,100,0.0001,0.001,1,1,1,0.0005,600,0.4,Adam
0.15666666666666665,0.22857142857142856,0.2666539401001475,E-CDE-VAE,100,0.0001,0.001,1,1,1,0.0005,600,0.4,Adam
0.0,0.047896825396825396,0.06823751605291853,E-CDE-VAE,100,0.0001,0.001,1,1,1,0.0005,600,0.4,Adam
0.0,0.047896825396825396,0.07336909500028695,E-CDE-VAE,100,0.0001,0.001,1,1,1,0.0005,600,0.4,Adam
0.0,0.0,0.0,E-CDE-VAE,100,0.0001,0.001,1,1,1,0.0005,600,0.4,Adam
0.6533333333333333,0.628531746031746,0.6805115923807874,E-CDE-VAE,100,0.0001,0.001,1,1,1,0.0005,600,0.4,Adam
0.04,0.15912698412698412,0.2713657691637568,E-CDE-VAE,100,0.0001,0.001,1,1,1,0.0005,600,0.4,Adam
0.15666666666666665,0.1740079365079365,0.26576530968171835,E-CDE-VAE,100,0.0001,0.001,1,1,1,0.0005,600,0.4,Adam
0.0,0.12246031746031745,0.20537943029622596,E-CDE-VAE,100,0.0001,0.001,1,1,1,0.0005,600,0.4,Adam
0.25666666666666665,0.20289682539682538,0.22264441827522324,E-CDE-VAE,100,0.0001,0.001,1,1,1,0.0005,600,0.4,Adam
1.0,1.0,1.0,E-CDE-VAE,100,0.0001,0.001,1,1,1,0.0005,600,0.4,Adam
0.6533333333333333,0.5203571428571429,0.43930150087270825,E-CDE-VAE,100,0.0001,0.001,1,1,1,0.0005,600,0.4,Adam
0.0,0.0,0.0,E-CDE-VAE,100,0.0001,0.001,1,1,1,0.0005,600,0.4,Adam
1.0,1.0,0.8980281292065347,E-CDE-VAE,100,0.0001,0.001,1,1,1,0.0005,600,0.4,Adam
0.2966666666666667,0.358968253968254,0.35131538976159715,E-CDE-VAE,100,0.0001,0.001,1,1,1,0.0005,600,0.4,Adam
0.25666666666666665,0.2265079365079365,0.22216642404722903,E-CDE-VAE,100,0.0001,0.001,1,1,1,0.0005,600,0.4,Adam
0.8033333333333333,0.5953571428571428,0.42927868162968785,E-CDE-VAE,100,0.0001,0.001,1,1,1,0.0005,600,0.4,Adam
0.4966666666666666,0.45202380952380955,0.44848934003732766,E-CDE-VAE,100,0.0001,0.001,1,1,1,0.0005,600,0.4,Adam
0.13,0.22773809523809524,0.23506505319585816,E-CDE-VAE,100,0.0001,0.001,1,1,1,0.0005,600,0.4,Adam
1.0,0.9788888888888889,0.9038074142060211,E-CDE-VAE,100,0.0001,0.001,1,1,1,0.0005,600,0.4,Adam
1.0,1.0,1.0,E-CDE-VAE,100,0.0001,0.001,1,1,1,0.0005,600,0.4,Adam
0.5466666666666666,0.505079365079365,0.4744309934131915,E-CDE-VAE,100,0.0001,0.001,1,1,1,0.0005,600,0.4,Adam
0.0,0.0,0.0,E-CDE-VAE,100,0.0001,0.001,1,1,1,0.0005,600,0.4,Adam
0.0,0.01,0.038438570158771404,E-CDE-VAE,100,0.0001,0.001,1,1,1,0.0005,600,0.4,Adam
1.0,1.0,1.0,E-CDE-VAE,100,0.0001,0.001,1,1,1,0.0005,600,0.4,Adam
0.09,0.23202380952380955,0.29703794936573574,E-CDE-VAE,100,0.0001,0.001,1,1,1,0.0005,600,0.4,Adam
0.0,0.03111111111111111,0.11059209559790055,E-CDE-VAE,100,0.0001,0.001,1,1,1,0.0005,600,0.4,Adam
0.25666666666666665,0.2574603174603175,0.23379646067726562,E-CDE-VAE,100,0.0001,0.001,1,1,1,0.0005,600,0.4,Adam
0.0,0.0,0.0337843997248022,E-CDE-VAE,100,0.0001,0.001,1,1,1,0.0005,600,0.4,Adam
0.8433333333333334,0.7925396825396825,0.8069522554758622,E-CDE-VAE,100,0.0001,0.001,1,1,1,0.0005,600,0.4,Adam
1.0,1.0,1.0,E-CDE-VAE,100,0.0001,0.001,1,1,1,0.0005,600,0.4,Adam
0.15666666666666665,0.22440476190476186,0.2982300723012797,E-CDE-VAE,100,0.0001,0.001,1,1,1,0.0005,600,0.4,Adam
0.5433333333333333,0.628095238095238,0.5881050174026181,E-CDE-VAE,100,0.0001,0.001,1,1,1,0.0005,600,0.4,Adam
0.0,0.0,0.0,E-CDE-VAE,100,0.0001,0.001,1,1,1,0.0005,600,0.4,Adam
1.0,0.9354365079365079,0.9070532348628324,E-CDE-VAE,100,0.0001,0.001,1,1,1,0.0005,600,0.4,Adam
0.8699999999999999,0.7411507936507936,0.654271207164009,E-CDE-VAE,100,0.0001,0.001,1,1,1,0.0005,600,0.4,Adam
1.0,1.0,0.9463804354400329,E-CDE-VAE,100,0.0001,0.001,1,1,1,0.0005,600,0.4,Adam
0.0,0.0,0.08060546458185777,E-CDE-VAE,100,0.0001,0.001,1,1,1,0.0005,600,0.4,Adam
0.0,0.0,0.0,E-CDE-VAE,100,0.0001,0.001,1,1,1,0.0005,600,0.4,Adam
0.0,0.043611111111111114,0.126759678015483,E-CDE-VAE,100,0.0001,0.001,1,1,1,0.0005,600,0.4,Adam
0.4133333333333333,0.4003571428571429,0.3656636803598877,E-CDE-VAE,100,0.0001,0.001,1,1,1,0.0005,600,0.4,Adam
0.0,0.043611111111111114,0.10265822906883279,E-CDE-VAE,100,0.0001,0.001,1,1,1,0.0005,600,0.4,Adam
1.0,1.0,1.0,E-CDE-VAE,100,0.0001,0.001,1,1,1,0.0005,600,0.4,Adam
0.2866666666666666,0.4563095238095237,0.5606160815448741,E-CDE-VAE,100,0.0001,0.001,1,1,1,0.0005,600,0.4,Adam
0.0,0.0,0.0,E-CDE-VAE,100,0.0001,0.001,1,1,1,0.0005,600,0.4,Adam
0.13,0.2686904761904762,0.34964483293624166,E-CDE-VAE,100,0.0001,0.001,1,1,1,0.0005,600,0.4,Adam
1.0,1.0,1.0,E-CDE-VAE,100,0.0001,0.001,1,1,1,0.0005,600,0.4,Adam
0.13,0.2041269841269841,0.2810829577199546,E-CDE-VAE,100,0.0001,0.001,1,1,1,0.0005,600,0.4,Adam
0.04,0.08456349206349206,0.133885335295939,E-CDE-VAE,100,0.0001,0.001,1,1,1,0.0005,600,0.4,Adam
0.0,0.0,0.0,E-CDE-VAE,100,0.0001,0.001,1,1,1,0.0005,600,0.4,Adam
0.09,0.14067460317460317,0.18796187859268354,E-CDE-VAE,100,0.0001,0.001,1,1,1,0.0005,600,0.4,Adam
0.9099999999999999,0.7778174603174604,0.6066018087090068,E-CDE-VAE,100,0.0001,0.001,1,1,1,0.0005,600,0.4,Adam
0.9099999999999999,0.8568253968253968,0.8229654089890159,E-CDE-VAE,100,0.0001,0.001,1,1,1,0.0005,600,0.4,Adam
0.0,0.0,0.0,E-CDE-VAE,100,0.0001,0.001,1,1,1,0.0005,600,0.4,Adam
0.0,0.0690079365079365,0.18565761916961607,E-CDE-VAE,100,0.0001,0.001,1,1,1,0.0005,600,0.4,Adam
1.0,1.0,1.0,E-CDE-VAE,100,0.0001,0.001,1,1,1,0.0005,600,0.4,Adam
0.45666666666666667,0.3140079365079365,0.24298822071461396,E-CDE-VAE,100,0.0001,0.001,1,1,1,0.0005,600,0.4,Adam
0.4966666666666666,0.446468253968254,0.3918442359154433,E-CDE-VAE,100,0.0001,0.001,1,1,1,0.0005,600,0.4,Adam
0.7033333333333334,0.5889682539682539,0.5302513536085518,E-CDE-VAE,100,0.0001,0.001,1,1,1,0.0005,600,0.4,Adam
0.24666666666666667,0.2735714285714285,0.2475107814871747,E-CDE-VAE,100,0.0001,0.001,1,1,1,0.0005,600,0.4,Adam
0.0,0.0,0.005131578947368421,E-CDE-VAE,100,0.0001,0.001,1,1,1,0.0005,600,0.4,Adam
0.0,0.0,0.0,E-CDE-VAE,100,0.0001,0.001,1,1,1,0.0005,600,0.4,Adam
0.19666666666666666,0.296468253968254,0.3347729921007785,E-CDE-VAE,100,0.0001,0.001,1,1,1,0.0005,600,0.4,Adam
0.0,0.047896825396825396,0.05738698285718409,E-CDE-VAE,100,0.0001,0.001,1,1,1,0.0005,600,0.4,Adam
0.4966666666666666,0.37746031746031744,0.2556072990477015,E-CDE-VAE,100,0.0001,0.001,1,1,1,0.0005,600,0.4,Adam
0.24666666666666667,0.2735714285714285,0.27267840690441314,E-CDE-VAE,100,0.0001,0.001,1,1,1,0.0005,600,0.4,Adam
0.0,0.0,0.0,E-CDE-VAE,100,0.0001,0.001,1,1,1,0.0005,600,0.4,Adam
0.3866666666666666,0.5163095238095238,0.5893057507937538,E-CDE-VAE,100,0.0001,0.001,1,1,1,0.0005,600,0.4,Adam
0.4966666666666666,0.4110714285714286,0.40293242253962064,E-CDE-VAE,100,0.0001,0.001,1,1,1,0.0005,600,0.4,Adam
0.4966666666666666,0.40857142857142853,0.3380399949207999,E-CDE-VAE,100,0.0001,0.001,1,1,1,0.0005,600,0.4,Adam
0.19666666666666666,0.2920238095238096,0.2939806207724164,E-CDE-VAE,100,0.0001,0.001,1,1,1,0.0005,600,0.4,Adam
0.0,0.0,0.0,E-CDE-VAE,100,0.0001,0.001,1,1,1,0.0005,600,0.4,Adam
0.2966666666666667,0.34202380952380956,0.2961536816296878,E-CDE-VAE,100,0.0001,0.001,1,1,1,0.0005,600,0.4,Adam
0.0,0.0,0.0,E-CDE-VAE,100,0.0001,0.001,1,1,1,0.0005,600,0.4,Adam
0.7133333333333333,0.4857936507936508,0.35881366053966673,E-CDE-VAE,100,0.0001,0.001,1,1,1,0.0005,600,0.4,Adam
0.25666666666666665,0.1928968253968254,0.12988698285718406,E-CDE-VAE,100,0.0001,0.001,1,1,1,0.0005,600,0.4,Adam
0.2966666666666667,0.3899206349206349,0.37006252497932063,E-CDE-VAE,100,0.0001,0.001,1,1,1,0.0005,600,0.4,Adam
0.4133333333333333,0.4818650793650794,0.4888304725030731,E-CDE-VAE,100,0.0001,0.001,1,1,1,0.0005,600,0.4,Adam
0.6533333333333333,0.6160317460317459,0.5799528661912563,E-CDE-VAE,100,0.0001,0.001,1,1,1,0.0005,600,0.4,Adam
0.7533333333333333,0.6996428571428572,0.7113165564655501,E-CDE-VAE,100,0.0001,0.001,1,1,1,0.0005,600,0.4,Adam
0.7033333333333334,0.609920634920635,0.4727392926560885,E-CDE-VAE,100,0.0001,0.001,1,1,1,0.0005,600,0.4,Adam
0.7533333333333333,0.5803571428571429,0.423932852063657,E-CDE-VAE,100,0.0001,0.001,1,1,1,0.0005,600,0.4,Adam
0.6133333333333333,0.521468253968254,0.4232780594448552,E-CDE-VAE,100,0.0001,0.001,1,1,1,0.0005,600,0.4,Adam
0.0,0.0,0.0,E-CDE-VAE,100,0.0001,0.001,1,1,1,0.0005,600,0.4,Adam
0.45666666666666667,0.438968253968254,0.4295456265870353,E-CDE-VAE,100,0.0001,0.001,1,1,1,0.0005,600,0.4,Adam
0.0,0.0,0.0,E-CDE-VAE,100,0.0001,0.001,1,1,1,0.0005,600,0.4,Adam
1.0,0.9084920634920636,0.7494637025770927,E-CDE-VAE,100,0.0001,0.001,1,1,1,0.0005,600,0.4,Adam
0.8433333333333334,0.7446428571428572,0.764374139147746,E-CDE-VAE,100,0.0001,0.001,1,1,1,0.0005,600,0.4,Adam
0.2966666666666667,0.37563492063492065,0.32407174095254593,E-CDE-VAE,100,0.0001,0.001,1,1,1,0.0005,600,0.4,Adam
0.45666666666666667,0.3365079365079365,0.2825452119260169,E-CDE-VAE,100,0.0001,0.001,1,1,1,0.0005,600,0.4,Adam
1.0,1.0,1.0,E-CDE-VAE,100,0.0001,0.001,1,1,1,0.0005,600,0.4,Adam
0.0,0.0,0.005131578947368421,E-CDE-VAE,100,0.0001,0.001,1,1,1,0.0005,600,0.4,Adam
0.04,0.1491269841269841,0.23640812382491946,E-CDE-VAE,100,0.0001,0.001,1,1,1,0.0005,600,0.4,Adam
0.3866666666666666,0.5163095238095238,0.5547988045666064,E-CDE-VAE,100,0.0001,0.001,1,1,1,0.0005,600,0.4,Adam
0.0,0.0,0.0,E-CDE-VAE,100,0.0001,0.001,1,1,1,0.0005,600,0.4,Adam
0.8699999999999999,0.7622619047619048,0.6655977074610975,E-CDE-VAE,100,0.0001,0.001,1,1,1,0.0005,600,0.4,Adam
1.0,0.9143253968253969,0.826187588211582,E-CDE-VAE,100,0.0001,0.001,1,1,1,0.0005,600,0.4,Adam
0.25666666666666665,0.28440476190476194,0.281088240534835,E-CDE-VAE,100,0.0001,0.001,1,1,1,0.0005,600,0.4,Adam
0.7433333333333334,0.7425396825396826,0.7678680063916132,E-CDE-VAE,100,0.0001,0.001,1,1,1,0.0005,600,0.4,Adam
0.0,0.0,0.020880295100496337,E-CDE-VAE,100,0.0001,0.001,1,1,1,0.0005,600,0.4,Adam
0.0,0.0,0.019808866529067763,E-CDE-VAE,100,0.0001,0.001,1,1,1,0.0005,600,0.4,Adam
0.6133333333333333,0.5003571428571428,0.38919626404727026,E-CDE-VAE,100,0.0001,0.001,1,1,1,0.0005,600,0.4,Adam
0.96,0.8028174603174604,0.6735919354553255,E-CDE-VAE,100,0.0001,0.001,1,1,1,0.0005,600,0.4,Adam
0.45666666666666667,0.36190476190476184,0.29774362462442955,E-CDE-VAE,100,0.0001,0.001,1,1,1,0.0005,600,0.4,Adam
0.8699999999999999,0.7076984126984127,0.6809011692641723,E-CDE-VAE,100,0.0001,0.001,1,1,1,0.0005,600,0.4,Adam
0.8699999999999999,0.7722619047619048,0.7111763363485498,E-CDE-VAE,100,0.0001,0.001,1,1,1,0.0005,600,0.4,Adam
0.0,0.0,0.0,E-CDE-VAE,100,0.0001,0.001,1,1,1,0.0005,600,0.4,Adam
0.0,0.047896825396825396,0.16223664471922986,E-CDE-VAE,100,0.0001,0.001,1,1,1,0.0005,600,0.4,Adam
0.7033333333333334,0.6479761904761905,0.6103314970633081,E-CDE-VAE,100,0.0001,0.001,1,1,1,0.0005,600,0.4,Adam
0.09,0.24313492063492065,0.33665952876672695,E-CDE-VAE,100,0.0001,0.001,1,1,1,0.0005,600,0.4,Adam
0.5866666666666667,0.5306349206349206,0.5029431215499327,E-CDE-VAE,100,0.0001,0.001,1,1,1,0.0005,600,0.4,Adam
0.15666666666666665,0.1428968253968254,0.10488698285718409,E-CDE-VAE,100,0.0001,0.001,1,1,1,0.0005,600,0.4,Adam
0.5866666666666667,0.5515873015873016,0.504921187343788,E-CDE-VAE,100,0.0001,0.001,1,1,1,0.0005,600,0.4,Adam
0.2966666666666667,0.33535714285714285,0.3667471984499848,E-CDE-VAE,100,0.0001,0.001,1,1,1,0.0005,600,0.4,Adam
0.0,0.0,0.0,E-CDE-VAE,100,0.0001,0.001,1,1,1,0.0005,600,0.4,Adam
0.5033333333333333,0.509920634920635,0.5327217843645863,E-CDE-VAE,100,0.0001,0.001,1,1,1,0.0005,600,0.4,Adam
0.25666666666666665,0.1928968253968254,0.14029633958233026,E-CDE-VAE,100,0.0001,0.001,1,1,1,0.0005,600,0.4,Adam
0.09,0.15746031746031747,0.16208283224343595,E-CDE-VAE,100,0.0001,0.001,1,1,1,0.0005,600,0.4,Adam
0.24666666666666667,0.29607142857142854,0.30651644386745003,E-CDE-VAE,100,0.0001,0.001,1,1,1,0.0005,600,0.4,Adam
0.45666666666666667,0.3365079365079365,0.33758523103143845,E-CDE-VAE,100,0.0001,0.001,1,1,1,0.0005,600,0.4,Adam
0.4133333333333333,0.44825396825396824,0.4277358135930118,E-CDE-VAE,100,0.0001,0.001,1,1,1,0.0005,600,0.4,Adam
0.6133333333333333,0.6129761904761905,0.5964676708310609,E-CDE-VAE,100,0.0001,0.001,1,1,1,0.0005,600,0.4,Adam
0.3466666666666667,0.30246031746031743,0.27242616430696925,E-CDE-VAE,100,0.0001,0.001,1,1,1,0.0005,600,0.4,Adam
0.6533333333333333,0.553968253968254,0.46856186769886465,E-CDE-VAE,100,0.0001,0.001,1,1,1,0.0005,600,0.4,Adam
0.15666666666666665,0.245515873015873,0.37235310484149486,E-CDE-VAE,100,0.0001,0.001,1,1,1,0.0005,600,0.4,Adam
0.24666666666666667,0.25246031746031744,0.2546362203328148,E-CDE-VAE,100,0.0001,0.001,1,1,1,0.0005,600,0.4,Adam
0.25666666666666665,0.1928968253968254,0.14899409500028693,E-CDE-VAE,100,0.0001,0.001,1,1,1,0.0005,600,0.4,Adam
0.04,0.10567460317460317,0.12484602085221282,E-CDE-VAE,100,0.0001,0.001,1,1,1,0.0005,600,0.4,Adam
0.0,0.0,0.03485582829623077,E-CDE-VAE,100,0.0001,0.001,1,1,1,0.0005,600,0.4,Adam
0.04,0.24063492063492067,0.3570085240267129,E-CDE-VAE,100,0.0001,0.001,1,1,1,0.0005,600,0.4,Adam
0.8699999999999999,0.7722619047619048,0.6722534588304713,E-CDE-VAE,100,0.0001,0.001,1,1,1,0.0005,600,0.4,Adam
0.0,0.11928571428571429,0.20594490648670213,E-CDE-VAE,100,0.0001,0.001,1,1,1,0.0005,600,0.4,Adam
0.6133333333333333,0.500515873015873,0.43392632049752794,E-CDE-VAE,100,0.0001,0.001,1,1,1,0.0005,600,0.4,Adam
0.0,0.0,0.0,E-CDE-VAE,100,0.0001,0.001,1,1,1,0.0005,600,0.4,Adam
0.3466666666666667,0.34607142857142853,0.4033525089891189,E-CDE-VAE,100,0.0001,0.001,1,1,1,0.0005,600,0.4,Adam
0.45666666666666667,0.3574603174603174,0.26648759414819795,E-CDE-VAE,100,0.0001,0.001,1,1,1,0.0005,600,0.4,Adam
0.7433333333333334,0.7255952380952382,0.6535388839316857,E-CDE-VAE,100,0.0001,0.001,1,1,1,0.0005,600,0.4,Adam
0.8699999999999999,0.7847619047619048,0.7045153328783359,E-CDE-VAE,100,0.0001,0.001,1,1,1,0.0005,600,0.4,Adam
0.15666666666666665,0.1428968253968254,0.14452716787856107,E-CDE-VAE,100,0.0001,0.001,1,1,1,0.0005,600,0.4,Adam
0.7433333333333334,0.7425396825396826,0.712204379942383,E-CDE-VAE,100,0.0001,0.001,1,1,1,0.0005,600,0.4,Adam
0.0,0.021111111111111112,0.1063258114864152,E-CDE-VAE,100,0.0001,0.001,1,1,1,0.0005,600,0.4,Adam
0.4133333333333333,0.41035714285714286,0.39969748861389737,E-CDE-VAE,100,0.0001,0.001,1,1,1,0.0005,600,0.4,Adam
0.0,0.021111111111111112,0.06921234896854092,E-CDE-VAE,100,0.0001,0.001,1,1,1,0.0005,600,0.4,Adam
0.3466666666666667,0.3360714285714285,0.3415336437298512,E-CDE-VAE,100,0.0001,0.001,1,1,1,0.0005,600,0.4,Adam
0.8433333333333334,0.7278174603174603,0.5498614708734678,E-CDE-VAE,100,0.0001,0.001,1,1,1,0.0005,600,0.4,Adam
0.6133333333333333,0.4836904761904761,0.38146342091001534,E-CDE-VAE,100,0.0001,0.001,1,1,1,0.0005,600,0.4,Adam
0.15666666666666665,0.1428968253968254,0.1758154139462189,E-CDE-VAE,100,0.0001,0.001,1,1,1,0.0005,600,0.4,Adam
0.2866666666666666,0.4015873015873016,0.4402003577777571,E-CDE-VAE,100,0.0001,0.001,1,1,1,0.0005,600,0.4,Adam
0.0,0.0,0.0,E-CDE-VAE,100,0.0001,0.001,1,1,1,0.0005,600,0.4,Adam
0.96,0.8028174603174604,0.7151087672217703,E-CDE-VAE,100,0.0001,0.001,1,1,1,0.0005,600,0.4,Adam
0.6533333333333333,0.6975396825396825,0.7594522554758624,E-CDE-VAE,100,0.0001,0.001,1,1,1,0.0005,600,0.4,Adam
0.09,0.10956349206349207,0.1335889649995687,E-CDE-VAE,100,0.0001,0.001,1,1,1,0.0005,600,0.4,Adam
0.0,0.047896825396825396,0.09082555301595549,E-CDE-VAE,100,0.0001,0.001,1,1,1,0.0005,600,0.4,Adam
0.0,0.0,0.0,E-CDE-VAE,100,0.0001,0.001,1,1,1,0.0005,600,0.4,Adam
0.04,0.12817460317460316,0.22485805109063622,E-CDE-VAE,100,0.0001,0.001,1,1,1,0.0005,600,0.4,Adam
0.09,0.10956349206349207,0.08822031619051743,E-CDE-VAE,100,0.0001,0.001,1,1,1,0.0005,600,0.4,Adam
0.04,0.08456349206349206,0.14879907137066578,E-CDE-VAE,100,0.0001,0.001,1,1,1,0.0005,600,0.4,Adam
0.4533333333333333,0.5764285714285714,0.5855794822222842,E-CDE-VAE,100,0.0001,0.001,1,1,1,0.0005,600,0.4,Adam
0.6533333333333333,0.6639285714285714,0.6895136423174347,E-CDE-VAE,100,0.0001,0.001,1,1,1,0.0005,600,0.4,Adam
0.0,0.0,0.0,E-CDE-VAE,100,0.0001,0.001,1,1,1,0.0005,600,0.4,Adam
1.0,1.0,1.0,E-CDE-VAE,100,0.0001,0.001,1,1,1,0.0005,600,0.4,Adam
0.0,0.03361111111111111,0.09765822906883279,E-CDE-VAE,100,0.0001,0.001,1,1,1,0.0005,600,0.4,Adam
1.0,1.0,1.0,E-CDE-VAE,100,0.0001,0.001,1,1,1,0.0005,600,0.4,Adam
0.5866666666666667,0.5826984126984126,0.5830950660536575,E-CDE-VAE,100,0.0001,0.001,1,1,1,0.0005,600,0.4,Adam
0.96,0.894325396825397,0.7907274233764171,E-CDE-VAE,100,0.0001,0.001,1,1,1,0.0005,600,0.4,Adam
0.4133333333333333,0.3569047619047619,0.3075577432543377,E-CDE-VAE,100,0.0001,0.001,1,1,1,0.0005,600,0.4,Adam
0.5866666666666667,0.6063095238095237,0.642174032323026,E-CDE-VAE,100,0.0001,0.001,1,1,1,0.0005,600,0.4,Adam
0.0,0.0,0.0,E-CDE-VAE,100,0.0001,0.001,1,1,1,0.0005,600,0.4,Adam
0.0,0.0,0.0,E-CDE-VAE,100,0.0001,0.001,1,1,1,0.0005,600,0.4,Adam
0.0,0.01,0.0409385701587714,E-CDE-VAE,100,0.0001,0.001,1,1,1,0.0005,600,0.4,Adam
0.0,0.06456349206349207,0.06572031619051742,E-CDE-VAE,100,0.0001,0.001,1,1,1,0.0005,600,0.4,Adam
0.5433333333333333,0.6734920634920634,0.664432108354322,E-CDE-VAE,100,0.0001,0.001,1,1,1,0.0005,600,0.4,Adam
0.0,0.0,0.0,E-CDE-VAE,100,0.0001,0.001,1,1,1,0.0005,600,0.4,Adam
0.0,0.021111111111111112,0.04399412571432696,E-CDE-VAE,100,0.0001,0.001,1,1,1,0.0005,600,0.4,Adam
0.0,0.0,0.0,E-CDE-VAE,100,0.0001,0.001,1,1,1,0.0005,600,0.4,Adam
0.0,0.0,0.04977341071381319,E-CDE-VAE,100,0.0001,0.001,1,1,1,0.0005,600,0.4,Adam
1.0,0.8918253968253967,0.773456435635228,E-CDE-VAE,100,0.0001,0.001,1,1,1,0.0005,600,0.4,Adam
0.0,0.0,0.02338029510049634,E-CDE-VAE,100,0.0001,0.001,1,1,1,0.0005,600,0.4,Adam
0.0,0.0,0.0,E-CDE-VAE,100,0.0001,0.001,1,1,1,0.0005,600,0.4,Adam
0.7433333333333334,0.6878174603174603,0.6407930676564578,E-CDE-VAE,100,0.0001,0.001,1,1,1,0.0005,600,0.4,Adam
0.0,0.03111111111111111,0.1410803755927595,E-CDE-VAE,100,0.0001,0.001,1,1,1,0.0005,600,0.4,Adam
0.0,0.0,0.0,E-CDE-VAE,100,0.0001,0.001,1,1,1,0.0005,600,0.4,Adam
0.0,0.0,0.0,E-CDE-VAE,100,0.0001,0.001,1,1,1,0.0005,600,0.4,Adam
0.0,0.0,0.0,E-CDE-VAE,100,0.0001,0.001,1,1,1,0.0005,600,0.4,Adam
0.5033333333333333,0.541031746031746,0.5835232693862724,E-CDE-VAE,100,0.0001,0.001,1,1,1,0.0005,600,0.4,Adam
0.0,0.0,0.0,E-CDE-VAE,100,0.0001,0.001,1,1,1,0.0005,600,0.4,Adam
1.0,0.9354365079365079,0.9342796838094823,E-CDE-VAE,100,0.0001,0.001,1,1,1,0.0005,600,0.4,Adam
0.0,0.0,0.0,E-CDE-VAE,100,0.0001,0.001,1,1,1,0.0005,600,0.4,Adam
0.7033333333333334,0.7225396825396825,0.719678844762049,E-CDE-VAE,100,0.0001,0.001,1,1,1,0.0005,600,0.4,Adam
0.0,0.0,0.0,E-CDE-VAE,100,0.0001,0.001,1,1,1,0.0005,600,0.4,Adam
0.4533333333333333,0.5639285714285714,0.6010431106561136,E-CDE-VAE,100,0.0001,0.001,1,1,1,0.0005,600,0.4,Adam
0.0,0.0,0.010850533195734433,E-CDE-VAE,100,0.0001,0.001,1,1,1,0.0005,600,0.4,Adam
0.15666666666666665,0.1428968253968254,0.11823751605291852,E-CDE-VAE,100,0.0001,0.001,1,1,1,0.0005,600,0.4,Adam
0.5033333333333333,0.6125396825396825,0.6733183251217307,E-CDE-VAE,100,0.0001,0.001,1,1,1,0.0005,600,0.4,Adam
0.0,0.0,0.0,E-CDE-VAE,100,0.0001,0.001,1,1,1,0.0005,600,0.4,Adam
0.2866666666666666,0.4015873015873016,0.4090477910891998,E-CDE-VAE,100,0.0001,0.001,1,1,1,0.0005,600,0.4,Adam
1.0,0.925436507936508,0.8350459082541125,E-CDE-VAE,100,0.0001,0.001,1,1,1,0.0005,600,0.4,Adam
0.96,0.8607142857142858,0.7280695615873635,E-CDE-VAE,100,0.0001,0.001,1,1,1,0.0005,600,0.4,Adam
0.0,0.047896825396825396,0.0971306316662354,E-CDE-VAE,100,0.0001,0.001,1,1,1,0.0005,600,0.4,Adam
0.0,0.021111111111111112,0.04399412571432696,E-CDE-VAE,100,0.0001,0.001,1,1,1,0.0005,600,0.4,Adam
0.45666666666666667,0.470079365079365,0.5271382706560724,E-CDE-VAE,100,0.0001,0.001,1,1,1,0.0005,600,0.4,Adam
0.0,0.0,0.0,E-CDE-VAE,100,0.0001,0.001,1,1,1,0.0005,600,0.4,Adam
0.0,0.0,0.0,E-CDE-VAE,100,0.0001,0.001,1,1,1,0.0005,600,0.4,Adam
0.0,0.01,0.038438570158771404,E-CDE-VAE,100,0.0001,0.001,1,1,1,0.0005,600,0.4,Adam
0.2866666666666666,0.49309523809523814,0.5676757448777573,E-CDE-VAE,100,0.0001,0.001,1,1,1,0.0005,600,0.4,Adam
0.0,0.0,0.0,E-CDE-VAE,100,0.0001,0.001,1,1,1,0.0005,600,0.4,Adam
1.0,1.0,1.0,E-CDE-VAE,100,0.0001,0.001,1,1,1,0.0005,600,0.4,Adam
0.8433333333333334,0.8259920634920634,0.8126803212697178,E-CDE-VAE,100,0.0001,0.001,1,1,1,0.0005,600,0.4,Adam
0.0,0.10261904761904761,0.20237267097367714,E-CDE-VAE,100,0.0001,0.001,1,1,1,0.0005,600,0.4,Adam
0.5433333333333333,0.6425396825396825,0.6875313190851116,E-CDE-VAE,100,0.0001,0.001,1,1,1,0.0005,600,0.4,Adam
0.0,0.0815079365079365,0.11276268751887945,E-CDE-VAE,100,0.0001,0.001,1,1,1,0.0005,600,0.4,Adam
0.0,0.06456349206349207,0.06572031619051742,E-CDE-VAE,100,0.0001,0.001,1,1,1,0.0005,600,0.4,Adam
0.96,0.881825396825397,0.8204159935351886,E-CDE-VAE,100,0.0001,0.001,1,1,1,0.0005,600,0.4,Adam
0.0,0.09567460317460316,0.2556022913704802,E-CDE-VAE,100,0.0001,0.001,1,1,1,0.0005,600,0.4,Adam
0.0,0.0,0.0,E-CDE-VAE,100,0.0001,0.001,1,1,1,0.0005,600,0.4,Adam
0.0,0.0,0.0,E-CDE-VAE,100,0.0001,0.001,1,1,1,0.0005,600,0.4,Adam
0.0,0.0,0.0,E-CDE-VAE,100,0.0001,0.001,1,1,1,0.0005,600,0.4,Adam
1.0,0.9521031746031747,0.8844479980373944,E-CDE-VAE,100,0.0001,0.001,1,1,1,0.0005,600,0.4,Adam
0.25666666666666665,0.23650793650793647,0.28009860001539566,E-CDE-VAE,100,0.0001,0.001,1,1,1,0.0005,600,0.4,Adam
0.0,0.0,0.0,E-CDE-VAE,100,0.0001,0.001,1,1,1,0.0005,600,0.4,Adam
0.04,0.10567460317460317,0.15006424410642677,E-CDE-VAE,100,0.0001,0.001,1,1,1,0.0005,600,0.4,Adam
0.0,0.03111111111111111,0.12363467801548297,E-CDE-VAE,100,0.0001,0.001,1,1,1,0.0005,600,0.4,Adam
0.0,0.0,0.0,E-CDE-VAE,100,0.0001,0.001,1,1,1,0.0005,600,0.4,Adam
1.0,0.9354365079365079,0.9342796838094823,E-CDE-VAE,100,0.0001,0.001,1,1,1,0.0005,600,0.4,Adam
0.0,0.0,0.0,E-CDE-VAE,100,0.0001,0.001,1,1,1,0.0005,600,0.4,Adam
0.0,0.0,0.0,E-CDE-VAE,100,0.0001,0.001,1,1,1,0.0005,600,0.4,Adam
0.0,0.0790079365079365,0.21203353492053184,E-CDE-VAE,100,0.0001,0.001,1,1,1,0.0005,600,0.4,Adam
0.25666666666666665,0.31535714285714284,0.3112417185927248,E-CDE-VAE,100,0.0001,0.001,1,1,1,0.0005,600,0.4,Adam
0.0,0.0,0.0,E-CDE-VAE,100,0.0001,0.001,1,1,1,0.0005,600,0.4,Adam
0.0,0.0,0.0,E-CDE-VAE,100,0.0001,0.001,1,1,1,0.0005,600,0.4,Adam
1.0,1.0,0.9869590643274853,E-CDE-VAE,100,0.0001,0.001,1,1,1,0.0005,600,0.4,Adam
0.45666666666666667,0.3028968253968254,0.22595713196332393,E-CDE-VAE,100,0.0001,0.001,1,1,1,0.0005,600,0.4,Adam
0.8433333333333334,0.8471031746031746,0.8131881081165137,E-CDE-VAE,100,0.0001,0.001,1,1,1,0.0005,600,0.4,Adam
0.0,0.0,0.0,E-CDE-VAE,100,0.0001,0.001,1,1,1,0.0005,600,0.4,Adam
1.0,1.0,1.0,E-CDE-VAE,100,0.0001,0.001,1,1,1,0.0005,600,0.4,Adam
0.6533333333333333,0.6975396825396825,0.767917167756564,E-CDE-VAE,100,0.0001,0.001,1,1,1,0.0005,600,0.4,Adam
1.0,0.8539285714285715,0.7419799077771214,E-CDE-VAE,100,0.0001,0.001,1,1,1,0.0005,600,0.4,Adam
0.0,0.0,0.0,E-CDE-VAE,100,0.0001,0.001,1,1,1,0.0005,600,0.4,Adam
1.0,1.0,1.0,E-CDE-VAE,100,0.0001,0.001,1,1,1,0.0005,600,0.4,Adam
1.0,1.0,1.0,E-CDE-VAE,100,0.0001,0.001,1,1,1,0.0005,600,0.4,Adam
1.0,1.0,1.0,E-CDE-VAE,100,0.0001,0.001,1,1,1,0.0005,600,0.4,Adam
0.25666666666666665,0.31535714285714284,0.3112417185927248,E-CDE-VAE,100,0.0001,0.001,1,1,1,0.0005,600,0.4,Adam
0.24666666666666667,0.35507936507936505,0.4879063862693894,E-CDE-VAE,100,0.0001,0.001,1,1,1,0.0005,600,0.4,Adam
0.25666666666666665,0.1928968253968254,0.1486468727780647,E-CDE-VAE,100,0.0001,0.001,1,1,1,0.0005,600,0.4,Adam
0.0,0.05789682539682539,0.14809896372976866,E-CDE-VAE,100,0.0001,0.001,1,1,1,0.0005,600,0.4,Adam
0.13,0.22773809523809524,0.34043664926404865,E-CDE-VAE,100,0.0001,0.001,1,1,1,0.0005,600,0.4,Adam
0.0,0.0,0.0079093567251462,E-CDE-VAE,100,0.0001,0.001,1,1,1,0.0005,600,0.4,Adam
1.0,0.9788888888888889,0.8773021191055246,E-CDE-VAE,100,0.0001,0.001,1,1,1,0.0005,600,0.4,Adam
1.0,1.0,1.0,E-CDE-VAE,100,0.0001,0.001,1,1,1,0.0005,600,0.4,Adam
0.0,0.0,0.0,E-CDE-VAE,100,0.0001,0.001,1,1,1,0.0005,600,0.4,Adam
0.4966666666666666,0.511031746031746,0.5438889709361845,E-CDE-VAE,100,0.0001,0.001,1,1,1,0.0005,600,0.4,Adam
0.0,0.0,0.0,E-CDE-VAE,100,0.0001,0.001,1,1,1,0.0005,600,0.4,Adam
0.0,0.0,0.013975533195734432,E-CDE-VAE,100,0.0001,0.001,1,1,1,0.0005,600,0.4,Adam
0.7533333333333333,0.6350793650793649,0.6485499787879818,E-CDE-VAE,100,0.0001,0.001,1,1,1,0.0005,600,0.4,Adam
1.0,1.0,1.0,E-CDE-VAE,100,0.0001,0.001,1,1,1,0.0005,600,0.4,Adam
0.7133333333333333,0.4857936507936508,0.35881366053966673,E-CDE-VAE,100,0.0001,0.001,1,1,1,0.0005,600,0.4,Adam
0.24666666666666667,0.32146825396825396,0.34352810244451115,E-CDE-VAE,100,0.0001,0.001,1,1,1,0.0005,600,0.4,Adam
0.0,0.0,0.02722644894665019,E-CDE-VAE,100,0.0001,0.001,1,1,1,0.0005,600,0.4,Adam
0.0,0.01,0.06733168577208826,E-CDE-VAE,100,0.0001,0.001,1,1,1,0.0005,600,0.4,Adam
0.5866666666666667,0.4970238095238095,0.42263318746097384,E-CDE-VAE,100,0.0001,0.001,1,1,1,0.0005,600,0.4,Adam
0.7433333333333334,0.7523809523809524,0.7073414650794682,E-CDE-VAE,100,0.0001,0.001,1,1,1,0.0005,600,0.4,Adam
0.0,0.0,0.04428910335450583,E-CDE-VAE,100,0.0001,0.001,1,1,1,0.0005,600,0.4,Adam
0.7133333333333333,0.6293650793650792,0.5588002995026988,E-CDE-VAE,100,0.0001,0.001,1,1,1,0.0005,600,0.4,Adam
0.0,0.03361111111111111,0.05024412571432696,E-CDE-VAE,100,0.0001,0.001,1,1,1,0.0005,600,0.4,Adam
0.0,0.0,0.0,E-CDE-VAE,100,0.0001,0.001,1,1,1,0.0005,600,0.4,Adam
0.25666666666666665,0.2574603174603175,0.2129161655767693,E-CDE-VAE,100,0.0001,0.001,1,1,1,0.0005,600,0.4,Adam
0.0,0.0,0.0,E-CDE-VAE,100,0.0001,0.001,1,1,1,0.0005,600,0.4,Adam
0.09,0.15746031746031747,0.2139016975027037,E-CDE-VAE,100,0.0001,0.001,1,1,1,0.0005,600,0.4,Adam
0.3866666666666666,0.5163095238095238,0.5983899998780029,E-CDE-VAE,100,0.0001,0.001,1,1,1,0.0005,600,0.4,Adam
0.3466666666666667,0.3335714285714285,0.3538180004549974,E-CDE-VAE,100,0.0001,0.001,1,1,1,0.0005,600,0.4,Adam
0.0,0.0,0.0,E-CDE-VAE,100,0.0001,0.001,1,1,1,0.0005,600,0.4,Adam
0.25666666666666665,0.20289682539682538,0.17917608621168993,E-CDE-VAE,100,0.0001,0.001,1,1,1,0.0005,600,0.4,Adam
0.3866666666666666,0.5542063492063491,0.6268427919259961,E-CDE-VAE,100,0.0001,0.001,1,1,1,0.0005,600,0.4,Adam
0.0,0.0,0.0,E-CDE-VAE,100,0.0001,0.001,1,1,1,0.0005,600,0.4,Adam
0.7133333333333333,0.615079365079365,0.5416096736510824,E-CDE-VAE,100,0.0001,0.001,1,1,1,0.0005,600,0.4,Adam
0.6133333333333333,0.5273015873015873,0.50631753007914,E-CDE-VAE,100,0.0001,0.001,1,1,1,0.0005,600,0.4,Adam
1.0,1.0,1.0,E-CDE-VAE,100,0.0001,0.001,1,1,1,0.0005,600,0.4,Adam
1.0,1.0,0.9727735510533495,E-CDE-VAE,100,0.0001,0.001,1,1,1,0.0005,600,0.4,Adam
0.25666666666666665,0.3221825396825396,0.4122534873966762,E-CDE-VAE,100,0.0001,0.001,1,1,1,0.0005,600,0.4,Adam
1.0,0.9143253968253969,0.7799558441644355,E-CDE-VAE,100,0.0001,0.001,1,1,1,0.0005,600,0.4,Adam
0.8033333333333333,0.6743650793650794,0.6605596102384028,E-CDE-VAE,100,0.0001,0.001,1,1,1,0.0005,600,0.4,Adam
0.04,0.19702380952380955,0.23857126404727022,E-CDE-VAE,100,0.0001,0.001,1,1,1,0.0005,600,0.4,Adam
0.0,0.0,0.010850533195734433,E-CDE-VAE,100,0.0001,0.001,1,1,1,0.0005,600,0.4,Adam
0.0,0.0,0.0,E-CDE-VAE,100,0.0001,0.001,1,1,1,0.0005,600,0.4,Adam
0.04,0.08456349206349206,0.12250941954502328,E-CDE-VAE,100,0.0001,0.001,1,1,1,0.0005,600,0.4,Adam
0.0,0.0,0.0,E-CDE-VAE,100,0.0001,0.001,1,1,1,0.0005,600,0.4,Adam
0.4133333333333333,0.40480158730158733,0.3768636353756322,E-CDE-VAE,100,0.0001,0.001,1,1,1,0.0005,600,0.4,Adam
0.0,0.01,0.08047388563448934,E-CDE-VAE,100,0.0001,0.001,1,1,1,0.0005,600,0.4,Adam
0.0,0.01,0.11571070140729582,E-CDE-VAE,100,0.0001,0.001,1,1,1,0.0005,600,0.4,Adam
0.0,0.0,0.0,E-CDE-VAE,100,0.0001,0.001,1,1,1,0.0005,600,0.4,Adam
0.0,0.0,0.017308866529067764,E-CDE-VAE,100,0.001,0.001,1,1,1,0.0005,600,0.4,Adam
0.0,0.0,0.0,E-CDE-VAE,100,0.001,0.001,1,1,1,0.0005,600,0.4,Adam
0.0,0.0,0.013975533195734432,E-CDE-VAE,100,0.001,0.001,1,1,1,0.0005,600,0.4,Adam
0.4966666666666666,0.4856349206349206,0.5105311585129695,E-CDE-VAE,100,0.001,0.001,1,1,1,0.0005,600,0.4,Adam
0.0,0.0,0.0,E-CDE-VAE,100,0.001,0.001,1,1,1,0.0005,600,0.4,Adam
0.0,0.0,0.0,E-CDE-VAE,100,0.001,0.001,1,1,1,0.0005,600,0.4,Adam
0.4966666666666666,0.4856349206349206,0.5105311585129695,E-CDE-VAE,100,0.001,0.001,1,1,1,0.0005,600,0.4,Adam
0.0,0.0,0.017308866529067764,E-CDE-VAE,100,0.001,0.001,1,1,1,0.0005,600,0.4,Adam
0.0,0.0,0.0,E-CDE-VAE,100,0.001,0.001,1,1,1,0.0005,600,0.4,Adam
0.0,0.0,0.0,E-CDE-VAE,100,0.001,0.001,1,1,1,0.0005,600,0.4,Adam
0.0,0.0,0.0,E-CDE-VAE,100,0.001,0.001,1,1,1,0.0005,600,0.4,Adam
0.0,0.0,0.017308866529067764,E-CDE-VAE,100,0.001,0.001,1,1,1,0.0005,600,0.4,Adam
0.09,0.15746031746031747,0.15958283224343595,E-CDE-VAE,100,0.001,0.001,1,1,1,0.0005,600,0.4,Adam
0.0,0.0,0.0,E-CDE-VAE,100,0.001,0.001,1,1,1,0.0005,600,0.4,Adam
0.0,0.0,0.0,E-CDE-VAE,100,0.001,0.001,1,1,1,0.0005,600,0.4,Adam
0.0,0.0,0.0,E-CDE-VAE,100,0.001,0.001,1,1,1,0.0005,600,0.4,Adam
0.0,0.0,0.0,E-CDE-VAE,100,0.001,0.001,1,1,1,0.0005,600,0.4,Adam
0.0,0.0,0.0,E-CDE-VAE,100,0.001,0.001,1,1,1,0.0005,600,0.4,Adam
0.0,0.0,0.0,E-CDE-VAE,100,0.001,0.001,1,1,1,0.0005,600,0.4,Adam
0.0,0.0,0.017308866529067764,E-CDE-VAE,100,0.001,0.001,1,1,1,0.0005,600,0.4,Adam
0.09,0.15746031746031747,0.15958283224343595,E-CDE-VAE,100,0.001,0.001,1,1,1,0.0005,600,0.4,Adam
0.0,0.0,0.0,E-CDE-VAE,100,0.001,0.001,1,1,1,0.0005,600,0.4,Adam
0.0,0.0,0.017308866529067764,E-CDE-VAE,100,0.001,0.001,1,1,1,0.0005,600,0.4,Adam
0.0,0.0,0.0,E-CDE-VAE,100,0.001,0.001,1,1,1,0.0005,600,0.4,Adam
0.0,0.0,0.0,E-CDE-VAE,100,0.001,0.001,1,1,1,0.0005,600,0.4,Adam
0.0,0.0,0.0,E-CDE-VAE,100,0.001,0.001,1,1,1,0.0005,600,0.4,Adam
0.0,0.0,0.013975533195734432,E-CDE-VAE,100,0.001,0.001,1,1,1,0.0005,600,0.4,Adam
0.4966666666666666,0.4856349206349206,0.5105311585129695,E-CDE-VAE,100,0.001,0.001,1,1,1,0.0005,600,0.4,Adam
0.0,0.0,0.0,E-CDE-VAE,100,0.001,0.001,1,1,1,0.0005,600,0.4,Adam
0.0,0.0,0.0,E-CDE-VAE,100,0.001,0.001,1,1,1,0.0005,600,0.4,Adam
0.0,0.0,0.0,E-CDE-VAE,100,0.001,0.001,1,1,1,0.0005,600,0.4,Adam
0.0,0.0,0.0,E-CDE-VAE,100,0.001,0.001,1,1,1,0.0005,600,0.4,Adam
0.0,0.0,0.0,E-CDE-VAE,100,0.001,0.001,1,1,1,0.0005,600,0.4,Adam
0.0,0.0,0.013975533195734432,E-CDE-VAE,100,0.001,0.001,1,1,1,0.0005,600,0.4,Adam
0.0,0.0,0.017308866529067764,E-CDE-VAE,100,0.001,0.001,1,1,1,0.0005,600,0.4,Adam
0.09,0.15746031746031747,0.15958283224343595,E-CDE-VAE,100,0.001,0.001,1,1,1,0.0005,600,0.4,Adam
0.09,0.15746031746031747,0.15958283224343595,E-CDE-VAE,100,0.001,0.001,1,1,1,0.0005,600,0.4,Adam
0.09,0.15746031746031747,0.15958283224343595,E-CDE-VAE,100,0.001,0.001,1,1,1,0.0005,600,0.4,Adam
0.09,0.15746031746031747,0.15958283224343595,E-CDE-VAE,100,0.001,0.001,1,1,1,0.0005,600,0.4,Adam
0.0,0.0,0.0,E-CDE-VAE,100,0.001,0.001,1,1,1,0.0005,600,0.4,Adam
0.0,0.0,0.013975533195734432,E-CDE-VAE,100,0.001,0.001,1,1,1,0.0005,600,0.4,Adam
0.0,0.0,0.0,E-CDE-VAE,100,0.001,0.001,1,1,1,0.0005,600,0.4,Adam
0.0,0.0,0.0,E-CDE-VAE,100,0.001,0.001,1,1,1,0.0005,600,0.4,Adam
0.09,0.15746031746031747,0.15958283224343595,E-CDE-VAE,100,0.001,0.001,1,1,1,0.0005,600,0.4,Adam
0.0,0.0,0.017308866529067764,E-CDE-VAE,100,0.001,0.001,1,1,1,0.0005,600,0.4,Adam
0.0,0.0,0.0,E-CDE-VAE,100,0.001,0.001,1,1,1,0.0005,600,0.4,Adam
0.0,0.0,0.0,E-CDE-VAE,100,0.001,0.001,1,1,1,0.0005,600,0.4,Adam
0.0,0.0,0.0,E-CDE-VAE,100,0.001,0.001,1,1,1,0.0005,600,0.4,Adam
0.0,0.0,0.0,E-CDE-VAE,100,0.001,0.001,1,1,1,0.0005,600,0.4,Adam
0.09,0.15746031746031747,0.15958283224343595,E-CDE-VAE,100,0.001,0.001,1,1,1,0.0005,600,0.4,Adam
0.0,0.0,0.013975533195734432,E-CDE-VAE,100,0.001,0.001,1,1,1,0.0005,600,0.4,Adam
0.0,0.0,0.0,E-CDE-VAE,100,0.001,0.001,1,1,1,0.0005,600,0.4,Adam
0.09,0.15746031746031747,0.15958283224343595,E-CDE-VAE,100,0.001,0.001,1,1,1,0.0005,600,0.4,Adam
0.0,0.0,0.0,E-CDE-VAE,100,0.001,0.001,1,1,1,0.0005,600,0.4,Adam
0.0,0.0,0.0,E-CDE-VAE,100,0.001,0.001,1,1,1,0.0005,600,0.4,Adam
0.0,0.0,0.0,E-CDE-VAE,100,0.001,0.001,1,1,1,0.0005,600,0.4,Adam
0.09,0.15746031746031747,0.15958283224343595,E-CDE-VAE,100,0.001,0.001,1,1,1,0.0005,600,0.4,Adam
0.0,0.0,0.013975533195734432,E-CDE-VAE,100,0.001,0.001,1,1,1,0.0005,600,0.4,Adam
0.0,0.0,0.0,E-CDE-VAE,100,0.001,0.001,1,1,1,0.0005,600,0.4,Adam
0.0,0.0,0.0,E-CDE-VAE,100,0.001,0.001,1,1,1,0.0005,600,0.4,Adam
0.0,0.0,0.0,E-CDE-VAE,100,0.001,0.001,1,1,1,0.0005,600,0.4,Adam
0.09,0.15746031746031747,0.15958283224343595,E-CDE-VAE,100,0.001,0.001,1,1,1,0.0005,600,0.4,Adam
0.0,0.0,0.0,E-CDE-VAE,100,0.001,0.001,1,1,1,0.0005,600,0.4,Adam
0.0,0.0,0.0,E-CDE-VAE,100,0.001,0.001,1,1,1,0.0005,600,0.4,Adam
0.09,0.15746031746031747,0.15958283224343595,E-CDE-VAE,100,0.001,0.001,1,1,1,0.0005,600,0.4,Adam
0.0,0.0,0.0,E-CDE-VAE,100,0.001,0.001,1,1,1,0.0005,600,0.4,Adam
0.09,0.15746031746031747,0.15958283224343595,E-CDE-VAE,100,0.001,0.001,1,1,1,0.0005,600,0.4,Adam
0.0,0.0,0.013975533195734432,E-CDE-VAE,100,0.001,0.001,1,1,1,0.0005,600,0.4,Adam
0.0,0.0,0.013975533195734432,E-CDE-VAE,100,0.001,0.001,1,1,1,0.0005,600,0.4,Adam
0.4966666666666666,0.4856349206349206,0.5105311585129695,E-CDE-VAE,100,0.001,0.001,1,1,1,0.0005,600,0.4,Adam
0.0,0.0,0.0,E-CDE-VAE,100,0.001,0.001,1,1,1,0.0005,600,0.4,Adam
0.0,0.0,0.0,E-CDE-VAE,100,0.001,0.001,1,1,1,0.0005,600,0.4,Adam
0.0,0.0,0.0,E-CDE-VAE,100,0.001,0.001,1,1,1,0.0005,600,0.4,Adam
0.0,0.0,0.0,E-CDE-VAE,100,0.001,0.001,1,1,1,0.0005,600,0.4,Adam
0.09,0.15746031746031747,0.15958283224343595,E-CDE-VAE,100,0.001,0.001,1,1,1,0.0005,600,0.4,Adam
0.4966666666666666,0.4856349206349206,0.5105311585129695,E-CDE-VAE,100,0.001,0.001,1,1,1,0.0005,600,0.4,Adam
0.0,0.0,0.013975533195734432,E-CDE-VAE,100,0.001,0.001,1,1,1,0.0005,600,0.4,Adam
0.0,0.0,0.017308866529067764,E-CDE-VAE,100,0.001,0.001,1,1,1,0.0005,600,0.4,Adam
0.0,0.0,0.013975533195734432,E-CDE-VAE,100,0.001,0.001,1,1,1,0.0005,600,0.4,Adam
0.4966666666666666,0.4856349206349206,0.5105311585129695,E-CDE-VAE,100,0.001,0.001,1,1,1,0.0005,600,0.4,Adam
0.0,0.0,0.013975533195734432,E-CDE-VAE,100,0.001,0.001,1,1,1,0.0005,600,0.4,Adam
0.0,0.0,0.0,E-CDE-VAE,100,0.001,0.001,1,1,1,0.0005,600,0.4,Adam
0.4966666666666666,0.4856349206349206,0.5105311585129695,E-CDE-VAE,100,0.001,0.001,1,1,1,0.0005,600,0.4,Adam
0.0,0.0,0.0,E-CDE-VAE,100,0.001,0.001,1,1,1,0.0005,600,0.4,Adam
0.0,0.0,0.0,E-CDE-VAE,100,0.001,0.001,1,1,1,0.0005,600,0.4,Adam
0.0,0.0,0.0,E-CDE-VAE,100,0.001,0.001,1,1,1,0.0005,600,0.4,Adam
0.09,0.15746031746031747,0.15958283224343595,E-CDE-VAE,100,0.001,0.001,1,1,1,0.0005,600,0.4,Adam
0.09,0.15746031746031747,0.15958283224343595,E-CDE-VAE,100,0.001,0.001,1,1,1,0.0005,600,0.4,Adam
0.0,0.0,0.0,E-CDE-VAE,100,0.001,0.001,1,1,1,0.0005,600,0.4,Adam
0.0,0.0,0.0,E-CDE-VAE,100,0.001,0.001,1,1,1,0.0005,600,0.4,Adam
0.0,0.0,0.0,E-CDE-VAE,100,0.001,0.001,1,1,1,0.0005,600,0.4,Adam
0.0,0.0,0.0,E-CDE-VAE,100,0.001,0.001,1,1,1,0.0005,600,0.4,Adam
0.0,0.0,0.0,E-CDE-VAE,100,0.001,0.001,1,1,1,0.0005,600,0.4,Adam
0.0,0.0,0.013975533195734432,E-CDE-VAE,100,0.001,0.001,1,1,1,0.0005,600,0.4,Adam
0.0,0.0,0.0,E-CDE-VAE,100,0.001,0.001,1,1,1,0.0005,600,0.4,Adam
0.0,0.0,0.017308866529067764,E-CDE-VAE,100,0.001,0.001,1,1,1,0.0005,600,0.4,Adam
0.0,0.0,0.0,E-CDE-VAE,100,0.001,0.001,1,1,1,0.0005,600,0.4,Adam
0.0,0.0,0.0,E-CDE-VAE,100,0.001,0.001,1,1,1,0.0005,600,0.4,Adam
0.09,0.15746031746031747,0.15958283224343595,E-CDE-VAE,100,0.001,0.001,1,1,1,0.0005,600,0.4,Adam
0.0,0.0,0.0,E-CDE-VAE,100,0.001,0.001,1,1,1,0.0005,600,0.4,Adam
0.4966666666666666,0.4856349206349206,0.5105311585129695,E-CDE-VAE,100,0.001,0.001,1,1,1,0.0005,600,0.4,Adam
0.0,0.0,0.017308866529067764,E-CDE-VAE,100,0.001,0.001,1,1,1,0.0005,600,0.4,Adam
0.0,0.0,0.0,E-CDE-VAE,100,0.001,0.001,1,1,1,0.0005,600,0.4,Adam
0.0,0.0,0.013975533195734432,E-CDE-VAE,100,0.001,0.001,1,1,1,0.0005,600,0.4,Adam
0.0,0.0,0.0,E-CDE-VAE,100,0.001,0.001,1,1,1,0.0005,600,0.4,Adam
0.0,0.0,0.0,E-CDE-VAE,100,0.001,0.001,1,1,1,0.0005,600,0.4,Adam
0.0,0.0,0.0,E-CDE-VAE,100,0.001,0.001,1,1,1,0.0005,600,0.4,Adam
0.0,0.0,0.013975533195734432,E-CDE-VAE,100,0.001,0.001,1,1,1,0.0005,600,0.4,Adam
0.0,0.0,0.0,E-CDE-VAE,100,0.001,0.001,1,1,1,0.0005,600,0.4,Adam
0.0,0.0,0.0,E-CDE-VAE,100,0.001,0.001,1,1,1,0.0005,600,0.4,Adam
0.0,0.0,0.0,E-CDE-VAE,100,0.001,0.001,1,1,1,0.0005,600,0.4,Adam
0.09,0.15746031746031747,0.15958283224343595,E-CDE-VAE,100,0.001,0.001,1,1,1,0.0005,600,0.4,Adam
0.0,0.0,0.0,E-CDE-VAE,100,0.001,0.001,1,1,1,0.0005,600,0.4,Adam
0.0,0.0,0.0,E-CDE-VAE,100,0.001,0.001,1,1,1,0.0005,600,0.4,Adam
0.0,0.0,0.0,E-CDE-VAE,100,0.001,0.001,1,1,1,0.0005,600,0.4,Adam
0.0,0.0,0.0,E-CDE-VAE,100,0.001,0.001,1,1,1,0.0005,600,0.4,Adam
0.0,0.0,0.0,E-CDE-VAE,100,0.001,0.001,1,1,1,0.0005,600,0.4,Adam
0.0,0.0,0.013975533195734432,E-CDE-VAE,100,0.001,0.001,1,1,1,0.0005,600,0.4,Adam
0.0,0.0,0.017308866529067764,E-CDE-VAE,100,0.001,0.001,1,1,1,0.0005,600,0.4,Adam
0.09,0.15746031746031747,0.15958283224343595,E-CDE-VAE,100,0.001,0.001,1,1,1,0.0005,600,0.4,Adam
0.0,0.0,0.0,E-CDE-VAE,100,0.001,0.001,1,1,1,0.0005,600,0.4,Adam
0.0,0.0,0.013975533195734432,E-CDE-VAE,100,0.001,0.001,1,1,1,0.0005,600,0.4,Adam
0.0,0.0,0.0,E-CDE-VAE,100,0.001,0.001,1,1,1,0.0005,600,0.4,Adam
0.0,0.0,0.017308866529067764,E-CDE-VAE,100,0.001,0.001,1,1,1,0.0005,600,0.4,Adam
0.09,0.15746031746031747,0.15958283224343595,E-CDE-VAE,100,0.001,0.001,1,1,1,0.0005,600,0.4,Adam
0.0,0.0,0.017308866529067764,E-CDE-VAE,100,0.001,0.001,1,1,1,0.0005,600,0.4,Adam
0.0,0.0,0.0,E-CDE-VAE,100,0.001,0.001,1,1,1,0.0005,600,0.4,Adam
0.4966666666666666,0.4856349206349206,0.5105311585129695,E-CDE-VAE,100,0.001,0.001,1,1,1,0.0005,600,0.4,Adam
0.0,0.0,0.0,E-CDE-VAE,100,0.001,0.001,1,1,1,0.0005,600,0.4,Adam
0.09,0.15746031746031747,0.15958283224343595,E-CDE-VAE,100,0.001,0.001,1,1,1,0.0005,600,0.4,Adam
0.09,0.15746031746031747,0.15958283224343595,E-CDE-VAE,100,0.001,0.001,1,1,1,0.0005,600,0.4,Adam
0.4966666666666666,0.4856349206349206,0.5105311585129695,E-CDE-VAE,100,0.001,0.001,1,1,1,0.0005,600,0.4,Adam
0.0,0.0,0.0,E-CDE-VAE,100,0.001,0.001,1,1,1,0.0005,600,0.4,Adam
0.0,0.0,0.017308866529067764,E-CDE-VAE,100,0.001,0.001,1,1,1,0.0005,600,0.4,Adam
0.0,0.0,0.0,E-CDE-VAE,100,0.001,0.001,1,1,1,0.0005,600,0.4,Adam
0.0,0.0,0.0,E-CDE-VAE,100,0.001,0.001,1,1,1,0.0005,600,0.4,Adam
0.0,0.0,0.0,E-CDE-VAE,100,0.001,0.001,1,1,1,0.0005,600,0.4,Adam
0.0,0.0,0.0,E-CDE-VAE,100,0.001,0.001,1,1,1,0.0005,600,0.4,Adam
0.0,0.0,0.013975533195734432,E-CDE-VAE,100,0.001,0.001,1,1,1,0.0005,600,0.4,Adam
0.0,0.0,0.0,E-CDE-VAE,100,0.001,0.001,1,1,1,0.0005,600,0.4,Adam
0.0,0.0,0.0,E-CDE-VAE,100,0.001,0.001,1,1,1,0.0005,600,0.4,Adam
0.0,0.0,0.017308866529067764,E-CDE-VAE,100,0.001,0.001,1,1,1,0.0005,600,0.4,Adam
0.0,0.0,0.0,E-CDE-VAE,100,0.001,0.001,1,1,1,0.0005,600,0.4,Adam
0.4966666666666666,0.4856349206349206,0.5105311585129695,E-CDE-VAE,100,0.001,0.001,1,1,1,0.0005,600,0.4,Adam
0.0,0.0,0.0,E-CDE-VAE,100,0.001,0.001,1,1,1,0.0005,600,0.4,Adam
0.0,0.0,0.017308866529067764,E-CDE-VAE,100,0.001,0.001,1,1,1,0.0005,600,0.4,Adam
0.0,0.0,0.0,E-CDE-VAE,100,0.001,0.001,1,1,1,0.0005,600,0.4,Adam
0.0,0.0,0.0,E-CDE-VAE,100,0.001,0.001,1,1,1,0.0005,600,0.4,Adam
0.0,0.0,0.0,E-CDE-VAE,100,0.001,0.001,1,1,1,0.0005,600,0.4,Adam
0.0,0.0,0.0,E-CDE-VAE,100,0.001,0.001,1,1,1,0.0005,600,0.4,Adam
0.4966666666666666,0.4856349206349206,0.5105311585129695,E-CDE-VAE,100,0.001,0.001,1,1,1,0.0005,600,0.4,Adam
0.09,0.15746031746031747,0.15958283224343595,E-CDE-VAE,100,0.001,0.001,1,1,1,0.0005,600,0.4,Adam
0.0,0.0,0.0,E-CDE-VAE,100,0.001,0.001,1,1,1,0.0005,600,0.4,Adam
0.0,0.0,0.0,E-CDE-VAE,100,0.001,0.001,1,1,1,0.0005,600,0.4,Adam
0.0,0.0,0.0,E-CDE-VAE,100,0.001,0.001,1,1,1,0.0005,600,0.4,Adam
0.0,0.0,0.013975533195734432,E-CDE-VAE,100,0.001,0.001,1,1,1,0.0005,600,0.4,Adam
0.0,0.0,0.0,E-CDE-VAE,100,0.001,0.001,1,1,1,0.0005,600,0.4,Adam
0.0,0.0,0.0,E-CDE-VAE,100,0.001,0.001,1,1,1,0.0005,600,0.4,Adam
0.0,0.0,0.0,E-CDE-VAE,100,0.001,0.001,1,1,1,0.0005,600,0.4,Adam
0.0,0.0,0.017308866529067764,E-CDE-VAE,100,0.001,0.001,1,1,1,0.0005,600,0.4,Adam
0.4966666666666666,0.4856349206349206,0.5105311585129695,E-CDE-VAE,100,0.001,0.001,1,1,1,0.0005,600,0.4,Adam
0.0,0.0,0.0,E-CDE-VAE,100,0.001,0.001,1,1,1,0.0005,600,0.4,Adam
0.0,0.0,0.017308866529067764,E-CDE-VAE,100,0.001,0.001,1,1,1,0.0005,600,0.4,Adam
0.0,0.0,0.0,E-CDE-VAE,100,0.001,0.001,1,1,1,0.0005,600,0.4,Adam
0.0,0.0,0.017308866529067764,E-CDE-VAE,100,0.001,0.001,1,1,1,0.0005,600,0.4,Adam
0.0,0.0,0.0,E-CDE-VAE,100,0.001,0.001,1,1,1,0.0005,600,0.4,Adam
0.0,0.0,0.0,E-CDE-VAE,100,0.001,0.001,1,1,1,0.0005,600,0.4,Adam
0.4966666666666666,0.4856349206349206,0.5105311585129695,E-CDE-VAE,100,0.001,0.001,1,1,1,0.0005,600,0.4,Adam
0.09,0.15746031746031747,0.15958283224343595,E-CDE-VAE,100,0.001,0.001,1,1,1,0.0005,600,0.4,Adam
0.0,0.0,0.013975533195734432,E-CDE-VAE,100,0.001,0.001,1,1,1,0.0005,600,0.4,Adam
0.0,0.0,0.0,E-CDE-VAE,100,0.001,0.001,1,1,1,0.0005,600,0.4,Adam
0.0,0.0,0.013975533195734432,E-CDE-VAE,100,0.001,0.001,1,1,1,0.0005,600,0.4,Adam
0.09,0.15746031746031747,0.15958283224343595,E-CDE-VAE,100,0.001,0.001,1,1,1,0.0005,600,0.4,Adam
0.0,0.0,0.017308866529067764,E-CDE-VAE,100,0.001,0.001,1,1,1,0.0005,600,0.4,Adam
0.0,0.0,0.0,E-CDE-VAE,100,0.001,0.001,1,1,1,0.0005,600,0.4,Adam
0.0,0.0,0.013975533195734432,E-CDE-VAE,100,0.001,0.001,1,1,1,0.0005,600,0.4,Adam
0.0,0.0,0.0,E-CDE-VAE,100,0.001,0.001,1,1,1,0.0005,600,0.4,Adam
0.0,0.0,0.017308866529067764,E-CDE-VAE,100,0.001,0.001,1,1,1,0.0005,600,0.4,Adam
0.0,0.0,0.013975533195734432,E-CDE-VAE,100,0.001,0.001,1,1,1,0.0005,600,0.4,Adam
0.0,0.0,0.0,E-CDE-VAE,100,0.001,0.001,1,1,1,0.0005,600,0.4,Adam
0.09,0.15746031746031747,0.15958283224343595,E-CDE-VAE,100,0.001,0.001,1,1,1,0.0005,600,0.4,Adam
0.0,0.0,0.0,E-CDE-VAE,100,0.001,0.001,1,1,1,0.0005,600,0.4,Adam
0.09,0.15746031746031747,0.15958283224343595,E-CDE-VAE,100,0.001,0.001,1,1,1,0.0005,600,0.4,Adam
0.0,0.0,0.0,E-CDE-VAE,100,0.001,0.001,1,1,1,0.0005,600,0.4,Adam
0.0,0.0,0.0,E-CDE-VAE,100,0.001,0.001,1,1,1,0.0005,600,0.4,Adam
0.0,0.0,0.0,E-CDE-VAE,100,0.001,0.001,1,1,1,0.0005,600,0.4,Adam
0.09,0.15746031746031747,0.15958283224343595,E-CDE-VAE,100,0.001,0.001,1,1,1,0.0005,600,0.4,Adam
0.09,0.15746031746031747,0.15958283224343595,E-CDE-VAE,100,0.001,0.001,1,1,1,0.0005,600,0.4,Adam
0.4966666666666666,0.4856349206349206,0.5105311585129695,E-CDE-VAE,100,0.001,0.001,1,1,1,0.0005,600,0.4,Adam
0.0,0.0,0.0,E-CDE-VAE,100,0.001,0.001,1,1,1,0.0005,600,0.4,Adam
0.0,0.0,0.0,E-CDE-VAE,100,0.001,0.001,1,1,1,0.0005,600,0.4,Adam
0.4966666666666666,0.4856349206349206,0.5105311585129695,E-CDE-VAE,100,0.001,0.001,1,1,1,0.0005,600,0.4,Adam
0.0,0.0,0.0,E-CDE-VAE,100,0.001,0.001,1,1,1,0.0005,600,0.4,Adam
0.09,0.15746031746031747,0.15958283224343595,E-CDE-VAE,100,0.001,0.001,1,1,1,0.0005,600,0.4,Adam
0.4966666666666666,0.4856349206349206,0.5105311585129695,E-CDE-VAE,100,0.001,0.001,1,1,1,0.0005,600,0.4,Adam
0.0,0.0,0.0,E-CDE-VAE,100,0.001,0.001,1,1,1,0.0005,600,0.4,Adam
0.09,0.15746031746031747,0.15958283224343595,E-CDE-VAE,100,0.001,0.001,1,1,1,0.0005,600,0.4,Adam
0.0,0.0,0.013975533195734432,E-CDE-VAE,100,0.001,0.001,1,1,1,0.0005,600,0.4,Adam
0.0,0.0,0.0,E-CDE-VAE,100,0.001,0.001,1,1,1,0.0005,600,0.4,Adam
0.0,0.0,0.017308866529067764,E-CDE-VAE,100,0.001,0.001,1,1,1,0.0005,600,0.4,Adam
0.0,0.0,0.0,E-CDE-VAE,100,0.001,0.001,1,1,1,0.0005,600,0.4,Adam
0.0,0.0,0.0,E-CDE-VAE,100,0.001,0.001,1,1,1,0.0005,600,0.4,Adam
0.0,0.0,0.0,E-CDE-VAE,100,0.001,0.001,1,1,1,0.0005,600,0.4,Adam
0.09,0.15746031746031747,0.15958283224343595,E-CDE-VAE,100,0.001,0.001,1,1,1,0.0005,600,0.4,Adam
0.0,0.0,0.0,E-CDE-VAE,100,0.001,0.001,1,1,1,0.0005,600,0.4,Adam
0.0,0.0,0.0,E-CDE-VAE,100,0.001,0.001,1,1,1,0.0005,600,0.4,Adam
0.4966666666666666,0.4856349206349206,0.5105311585129695,E-CDE-VAE,100,0.001,0.001,1,1,1,0.0005,600,0.4,Adam
0.0,0.0,0.0,E-CDE-VAE,100,0.001,0.001,1,1,1,0.0005,600,0.4,Adam
0.0,0.0,0.0,E-CDE-VAE,100,0.001,0.001,1,1,1,0.0005,600,0.4,Adam
0.09,0.15746031746031747,0.15958283224343595,E-CDE-VAE,100,0.001,0.001,1,1,1,0.0005,600,0.4,Adam
0.0,0.0,0.0,E-CDE-VAE,100,0.001,0.001,1,1,1,0.0005,600,0.4,Adam
0.0,0.0,0.0,E-CDE-VAE,100,0.001,0.001,1,1,1,0.0005,600,0.4,Adam
0.0,0.0,0.0,E-CDE-VAE,100,0.001,0.001,1,1,1,0.0005,600,0.4,Adam
0.0,0.0,0.0,E-CDE-VAE,100,0.001,0.001,1,1,1,0.0005,600,0.4,Adam
0.0,0.0,0.0,E-CDE-VAE,100,0.001,0.001,1,1,1,0.0005,600,0.4,Adam
0.09,0.15746031746031747,0.15958283224343595,E-CDE-VAE,100,0.001,0.001,1,1,1,0.0005,600,0.4,Adam
0.0,0.0,0.0,E-CDE-VAE,100,0.001,0.001,1,1,1,0.0005,600,0.4,Adam
0.0,0.0,0.0,E-CDE-VAE,100,0.001,0.001,1,1,1,0.0005,600,0.4,Adam
0.0,0.0,0.0,E-CDE-VAE,100,0.001,0.001,1,1,1,0.0005,600,0.4,Adam
0.09,0.15746031746031747,0.15958283224343595,E-CDE-VAE,100,0.001,0.001,1,1,1,0.0005,600,0.4,Adam
0.0,0.0,0.0,E-CDE-VAE,100,0.001,0.001,1,1,1,0.0005,600,0.4,Adam
0.0,0.0,0.0,E-CDE-VAE,100,0.001,0.001,1,1,1,0.0005,600,0.4,Adam
0.4966666666666666,0.4856349206349206,0.5105311585129695,E-CDE-VAE,100,0.001,0.001,1,1,1,0.0005,600,0.4,Adam
0.09,0.15746031746031747,0.15958283224343595,E-CDE-VAE,100,0.001,0.001,1,1,1,0.0005,600,0.4,Adam
0.0,0.0,0.0,E-CDE-VAE,100,0.001,0.001,1,1,1,0.0005,600,0.4,Adam
0.4966666666666666,0.4856349206349206,0.5105311585129695,E-CDE-VAE,100,0.001,0.001,1,1,1,0.0005,600,0.4,Adam
0.4966666666666666,0.4856349206349206,0.5105311585129695,E-CDE-VAE,100,0.001,0.001,1,1,1,0.0005,600,0.4,Adam
0.09,0.15746031746031747,0.15958283224343595,E-CDE-VAE,100,0.001,0.001,1,1,1,0.0005,600,0.4,Adam
0.0,0.0,0.0,E-CDE-VAE,100,0.001,0.001,1,1,1,0.0005,600,0.4,Adam
0.0,0.0,0.0,E-CDE-VAE,100,0.001,0.001,1,1,1,0.0005,600,0.4,Adam
0.0,0.0,0.0,E-CDE-VAE,100,0.001,0.001,1,1,1,0.0005,600,0.4,Adam
0.0,0.0,0.0,E-CDE-VAE,100,0.001,0.001,1,1,1,0.0005,600,0.4,Adam
0.0,0.0,0.0,E-CDE-VAE,100,0.001,0.001,1,1,1,0.0005,600,0.4,Adam
0.4966666666666666,0.4856349206349206,0.5105311585129695,E-CDE-VAE,100,0.001,0.001,1,1,1,0.0005,600,0.4,Adam
0.09,0.15746031746031747,0.15958283224343595,E-CDE-VAE,100,0.001,0.001,1,1,1,0.0005,600,0.4,Adam
0.0,0.0,0.0,E-CDE-VAE,100,0.001,0.001,1,1,1,0.0005,600,0.4,Adam
0.0,0.0,0.0,E-CDE-VAE,100,0.001,0.001,1,1,1,0.0005,600,0.4,Adam
0.4966666666666666,0.4856349206349206,0.5105311585129695,E-CDE-VAE,100,0.001,0.001,1,1,1,0.0005,600,0.4,Adam
0.0,0.0,0.0,E-CDE-VAE,100,0.001,0.001,1,1,1,0.0005,600,0.4,Adam
0.09,0.15746031746031747,0.15958283224343595,E-CDE-VAE,100,0.001,0.001,1,1,1,0.0005,600,0.4,Adam
0.0,0.0,0.0,E-CDE-VAE,100,0.001,0.001,1,1,1,0.0005,600,0.4,Adam
0.0,0.0,0.0,E-CDE-VAE,100,0.001,0.001,1,1,1,0.0005,600,0.4,Adam
0.0,0.0,0.0,E-CDE-VAE,100,0.001,0.001,1,1,1,0.0005,600,0.4,Adam
0.09,0.15746031746031747,0.15958283224343595,E-CDE-VAE,100,0.001,0.001,1,1,1,0.0005,600,0.4,Adam
0.0,0.0,0.013975533195734432,E-CDE-VAE,100,0.001,0.001,1,1,1,0.0005,600,0.4,Adam
0.0,0.0,0.013975533195734432,E-CDE-VAE,100,0.001,0.001,1,1,1,0.0005,600,0.4,Adam
0.4966666666666666,0.4856349206349206,0.5105311585129695,E-CDE-VAE,100,0.001,0.001,1,1,1,0.0005,600,0.4,Adam
0.0,0.0,0.0,E-CDE-VAE,100,0.001,0.001,1,1,1,0.0005,600,0.4,Adam
0.0,0.0,0.0,E-CDE-VAE,100,0.001,0.001,1,1,1,0.0005,600,0.4,Adam
0.09,0.15746031746031747,0.15958283224343595,E-CDE-VAE,100,0.001,0.001,1,1,1,0.0005,600,0.4,Adam
0.0,0.0,0.0,E-CDE-VAE,100,0.001,0.001,1,1,1,0.0005,600,0.4,Adam
0.4966666666666666,0.4856349206349206,0.5105311585129695,E-CDE-VAE,100,0.001,0.001,1,1,1,0.0005,600,0.4,Adam
0.4966666666666666,0.4856349206349206,0.5105311585129695,E-CDE-VAE,100,0.001,0.001,1,1,1,0.0005,600,0.4,Adam
0.0,0.0,0.0,E-CDE-VAE,100,0.001,0.001,1,1,1,0.0005,600,0.4,Adam
0.0,0.0,0.013975533195734432,E-CDE-VAE,100,0.001,0.001,1,1,1,0.0005,600,0.4,Adam
0.0,0.0,0.0,E-CDE-VAE,100,0.001,0.001,1,1,1,0.0005,600,0.4,Adam
0.4966666666666666,0.4856349206349206,0.5105311585129695,E-CDE-VAE,100,0.001,0.001,1,1,1,0.0005,600,0.4,Adam
0.09,0.15746031746031747,0.15958283224343595,E-CDE-VAE,100,0.001,0.001,1,1,1,0.0005,600,0.4,Adam
0.0,0.0,0.013975533195734432,E-CDE-VAE,100,0.001,0.001,1,1,1,0.0005,600,0.4,Adam
0.0,0.0,0.013975533195734432,E-CDE-VAE,100,0.001,0.001,1,1,1,0.0005,600,0.4,Adam
0.0,0.0,0.0,E-CDE-VAE,100,0.001,0.001,1,1,1,0.0005,600,0.4,Adam
0.0,0.0,0.017308866529067764,E-CDE-VAE,100,0.001,0.001,1,1,1,0.0005,600,0.4,Adam
0.0,0.0,0.0,E-CDE-VAE,100,0.001,0.001,1,1,1,0.0005,600,0.4,Adam
0.0,0.0,0.0,E-CDE-VAE,100,0.001,0.001,1,1,1,0.0005,600,0.4,Adam
0.0,0.0,0.0,E-CDE-VAE,100,0.001,0.001,1,1,1,0.0005,600,0.4,Adam
0.09,0.15746031746031747,0.15958283224343595,E-CDE-VAE,100,0.001,0.001,1,1,1,0.0005,600,0.4,Adam
0.0,0.0,0.013975533195734432,E-CDE-VAE,100,0.001,0.001,1,1,1,0.0005,600,0.4,Adam
0.0,0.0,0.017308866529067764,E-CDE-VAE,100,0.001,0.001,1,1,1,0.0005,600,0.4,Adam
0.09,0.15746031746031747,0.15958283224343595,E-CDE-VAE,100,0.001,0.001,1,1,1,0.0005,600,0.4,Adam
0.0,0.0,0.0,E-CDE-VAE,100,0.001,0.001,1,1,1,0.0005,600,0.4,Adam
0.0,0.0,0.0,E-CDE-VAE,100,0.001,0.001,1,1,1,0.0005,600,0.4,Adam
0.0,0.0,0.0,E-CDE-VAE,100,0.001,0.001,1,1,1,0.0005,600,0.4,Adam
0.0,0.0,0.0,E-CDE-VAE,100,0.001,0.001,1,1,1,0.0005,600,0.4,Adam
0.4966666666666666,0.4856349206349206,0.5105311585129695,E-CDE-VAE,100,0.001,0.001,1,1,1,0.0005,600,0.4,Adam
0.0,0.0,0.0,E-CDE-VAE,100,0.001,0.001,1,1,1,0.0005,600,0.4,Adam
0.0,0.0,0.0,E-CDE-VAE,100,0.001,0.001,1,1,1,0.0005,600,0.4,Adam
0.0,0.0,0.0,E-CDE-VAE,100,0.001,0.001,1,1,1,0.0005,600,0.4,Adam
0.0,0.0,0.017308866529067764,E-CDE-VAE,100,0.001,0.001,1,1,1,0.0005,600,0.4,Adam
0.0,0.0,0.0,E-CDE-VAE,100,0.001,0.001,1,1,1,0.0005,600,0.4,Adam
0.0,0.0,0.0,E-CDE-VAE,100,0.001,0.001,1,1,1,0.0005,600,0.4,Adam
0.0,0.0,0.0,E-CDE-VAE,100,0.001,0.001,1,1,1,0.0005,600,0.4,Adam
0.0,0.0,0.0,E-CDE-VAE,100,0.001,0.001,1,1,1,0.0005,600,0.4,Adam
0.0,0.0,0.013975533195734432,E-CDE-VAE,100,0.001,0.001,1,1,1,0.0005,600,0.4,Adam
0.0,0.0,0.0,E-CDE-VAE,100,0.001,0.001,1,1,1,0.0005,600,0.4,Adam
0.0,0.0,0.0,E-CDE-VAE,100,0.001,0.001,1,1,1,0.0005,600,0.4,Adam
0.0,0.0,0.0,E-CDE-VAE,100,0.001,0.001,1,1,1,0.0005,600,0.4,Adam
0.0,0.0,0.017308866529067764,E-CDE-VAE,100,0.001,0.001,1,1,1,0.0005,600,0.4,Adam
0.0,0.0,0.0,E-CDE-VAE,100,0.001,0.001,1,1,1,0.0005,600,0.4,Adam
0.0,0.0,0.017308866529067764,E-CDE-VAE,100,0.001,0.001,1,1,1,0.0005,600,0.4,Adam
0.0,0.0,0.0,E-CDE-VAE,100,0.001,0.001,1,1,1,0.0005,600,0.4,Adam
0.0,0.0,0.0,E-CDE-VAE,100,0.001,0.001,1,1,1,0.0005,600,0.4,Adam
0.4966666666666666,0.4856349206349206,0.5105311585129695,E-CDE-VAE,100,0.001,0.001,1,1,1,0.0005,600,0.4,Adam
0.0,0.0,0.0,E-CDE-VAE,100,0.001,0.001,1,1,1,0.0005,600,0.4,Adam
0.09,0.15746031746031747,0.15958283224343595,E-CDE-VAE,100,0.001,0.001,1,1,1,0.0005,600,0.4,Adam
0.09,0.15746031746031747,0.15958283224343595,E-CDE-VAE,100,0.001,0.001,1,1,1,0.0005,600,0.4,Adam
0.4966666666666666,0.4856349206349206,0.5105311585129695,E-CDE-VAE,100,0.001,0.001,1,1,1,0.0005,600,0.4,Adam
0.0,0.0,0.0,E-CDE-VAE,100,0.001,0.001,1,1,1,0.0005,600,0.4,Adam
0.0,0.0,0.017308866529067764,E-CDE-VAE,100,0.001,0.001,1,1,1,0.0005,600,0.4,Adam
0.0,0.0,0.017308866529067764,E-CDE-VAE,100,0.001,0.001,1,1,1,0.0005,600,0.4,Adam
0.0,0.0,0.0,E-CDE-VAE,100,0.001,0.001,1,1,1,0.0005,600,0.4,Adam
0.0,0.0,0.0,E-CDE-VAE,100,0.001,0.001,1,1,1,0.0005,600,0.4,Adam
0.0,0.0,0.0,E-CDE-VAE,100,0.001,0.001,1,1,1,0.0005,600,0.4,Adam
0.09,0.15746031746031747,0.15958283224343595,E-CDE-VAE,100,0.001,0.001,1,1,1,0.0005,600,0.4,Adam
0.0,0.0,0.0,E-CDE-VAE,100,0.001,0.001,1,1,1,0.0005,600,0.4,Adam
0.0,0.0,0.0,E-CDE-VAE,100,0.001,0.001,1,1,1,0.0005,600,0.4,Adam
0.0,0.0,0.0,E-CDE-VAE,100,0.001,0.001,1,1,1,0.0005,600,0.4,Adam
0.0,0.0,0.0,E-CDE-VAE,100,0.001,0.001,1,1,1,0.0005,600,0.4,Adam
0.09,0.15746031746031747,0.15958283224343595,E-CDE-VAE,100,0.001,0.001,1,1,1,0.0005,600,0.4,Adam
0.0,0.0,0.0,E-CDE-VAE,100,0.001,0.001,1,1,1,0.0005,600,0.4,Adam
0.0,0.0,0.0,E-CDE-VAE,100,0.001,0.001,1,1,1,0.0005,600,0.4,Adam
0.0,0.0,0.0,E-CDE-VAE,100,0.001,0.001,1,1,1,0.0005,600,0.4,Adam
0.0,0.0,0.017308866529067764,E-CDE-VAE,100,0.001,0.001,1,1,1,0.0005,600,0.4,Adam
0.0,0.0,0.0,E-CDE-VAE,100,0.001,0.001,1,1,1,0.0005,600,0.4,Adam
0.0,0.0,0.0,E-CDE-VAE,100,0.001,0.001,1,1,1,0.0005,600,0.4,Adam
0.0,0.0,0.0,E-CDE-VAE,100,0.001,0.001,1,1,1,0.0005,600,0.4,Adam
0.0,0.0,0.0,E-CDE-VAE,100,0.001,0.001,1,1,1,0.0005,600,0.4,Adam
0.09,0.15746031746031747,0.15958283224343595,E-CDE-VAE,100,0.001,0.001,1,1,1,0.0005,600,0.4,Adam
0.0,0.0,0.013975533195734432,E-CDE-VAE,100,0.001,0.001,1,1,1,0.0005,600,0.4,Adam
0.0,0.0,0.013975533195734432,E-CDE-VAE,100,0.001,0.001,1,1,1,0.0005,600,0.4,Adam
0.0,0.0,0.013975533195734432,E-CDE-VAE,100,0.001,0.001,1,1,1,0.0005,600,0.4,Adam
0.0,0.0,0.0,E-CDE-VAE,100,0.001,0.001,1,1,1,0.0005,600,0.4,Adam
0.0,0.0,0.0,E-CDE-VAE,100,0.001,0.001,1,1,1,0.0005,600,0.4,Adam
0.0,0.0,0.0,E-CDE-VAE,100,0.001,0.001,1,1,1,0.0005,600,0.4,Adam
0.0,0.0,0.0,E-CDE-VAE,100,0.001,0.001,1,1,1,0.0005,600,0.4,Adam
0.0,0.0,0.0,E-CDE-VAE,100,0.001,0.001,1,1,1,0.0005,600,0.4,Adam
0.0,0.0,0.0,E-CDE-VAE,100,0.001,0.001,1,1,1,0.0005,600,0.4,Adam
0.0,0.0,0.0,E-CDE-VAE,100,0.001,0.001,1,1,1,0.0005,600,0.4,Adam
0.0,0.0,0.0,E-CDE-VAE,100,0.001,0.001,1,1,1,0.0005,600,0.4,Adam
0.0,0.0,0.0,E-CDE-VAE,100,0.001,0.001,1,1,1,0.0005,600,0.4,Adam
0.0,0.0,0.0,E-CDE-VAE,100,0.001,0.001,1,1,1,0.0005,600,0.4,Adam
0.0,0.0,0.0,E-CDE-VAE,100,0.001,0.001,1,1,1,0.0005,600,0.4,Adam
0.4966666666666666,0.4856349206349206,0.5105311585129695,E-CDE-VAE,100,0.001,0.001,1,1,1,0.0005,600,0.4,Adam
0.0,0.0,0.0,E-CDE-VAE,100,0.001,0.001,1,1,1,0.0005,600,0.4,Adam
0.0,0.0,0.017308866529067764,E-CDE-VAE,100,0.001,0.001,1,1,1,0.0005,600,0.4,Adam
0.0,0.0,0.0,E-CDE-VAE,100,0.001,0.001,1,1,1,0.0005,600,0.4,Adam
0.0,0.0,0.0,E-CDE-VAE,100,0.001,0.001,1,1,1,0.0005,600,0.4,Adam
0.0,0.0,0.0,E-CDE-VAE,100,0.001,0.001,1,1,1,0.0005,600,0.4,Adam
0.4966666666666666,0.4856349206349206,0.5105311585129695,E-CDE-VAE,100,0.001,0.001,1,1,1,0.0005,600,0.4,Adam
0.0,0.0,0.0,E-CDE-VAE,100,0.001,0.001,1,1,1,0.0005,600,0.4,Adam
0.09,0.15746031746031747,0.15958283224343595,E-CDE-VAE,100,0.001,0.001,1,1,1,0.0005,600,0.4,Adam
0.0,0.0,0.0,E-CDE-VAE,100,0.001,0.001,1,1,1,0.0005,600,0.4,Adam
0.4966666666666666,0.4856349206349206,0.5105311585129695,E-CDE-VAE,100,0.001,0.001,1,1,1,0.0005,600,0.4,Adam
0.09,0.15746031746031747,0.15958283224343595,E-CDE-VAE,100,0.001,0.001,1,1,1,0.0005,600,0.4,Adam
0.0,0.0,0.0,E-CDE-VAE,100,0.001,0.001,1,1,1,0.0005,600,0.4,Adam
0.4966666666666666,0.4856349206349206,0.5105311585129695,E-CDE-VAE,100,0.001,0.001,1,1,1,0.0005,600,0.4,Adam
0.0,0.0,0.0,E-CDE-VAE,100,0.001,0.001,1,1,1,0.0005,600,0.4,Adam
0.0,0.0,0.0,E-CDE-VAE,100,0.001,0.001,1,1,1,0.0005,600,0.4,Adam
0.0,0.0,0.013975533195734432,E-CDE-VAE,100,0.001,0.001,1,1,1,0.0005,600,0.4,Adam
0.0,0.0,0.0,E-CDE-VAE,100,0.001,0.001,1,1,1,0.0005,600,0.4,Adam
0.0,0.0,0.0,E-CDE-VAE,100,0.001,0.001,1,1,1,0.0005,600,0.4,Adam
0.0,0.0,0.0,E-CDE-VAE,100,0.001,0.001,1,1,1,0.0005,600,0.4,Adam
0.0,0.0,0.0,E-CDE-VAE,100,0.001,0.001,1,1,1,0.0005,600,0.4,Adam
0.0,0.0,0.0,E-CDE-VAE,100,0.001,0.001,1,1,1,0.0005,600,0.4,Adam
0.0,0.0,0.0,E-CDE-VAE,100,0.001,0.001,1,1,1,0.0005,600,0.4,Adam
0.0,0.0,0.013975533195734432,E-CDE-VAE,100,0.001,0.001,1,1,1,0.0005,600,0.4,Adam
0.0,0.0,0.0,E-CDE-VAE,100,0.001,0.001,1,1,1,0.0005,600,0.4,Adam
0.0,0.0,0.0,E-CDE-VAE,100,0.001,0.001,1,1,1,0.0005,600,0.4,Adam
0.0,0.0,0.0,E-CDE-VAE,100,0.001,0.001,1,1,1,0.0005,600,0.4,Adam
0.09,0.15746031746031747,0.15958283224343595,E-CDE-VAE,100,0.001,0.001,1,1,1,0.0005,600,0.4,Adam
0.0,0.0,0.0,E-CDE-VAE,100,0.001,0.001,1,1,1,0.0005,600,0.4,Adam
0.0,0.0,0.0,E-CDE-VAE,100,0.001,0.001,1,1,1,0.0005,600,0.4,Adam
0.0,0.0,0.0,E-CDE-VAE,100,0.001,0.001,1,1,1,0.0005,600,0.4,Adam
0.4966666666666666,0.4856349206349206,0.5105311585129695,E-CDE-VAE,100,0.001,0.001,1,1,1,0.0005,600,0.4,Adam
0.0,0.0,0.013975533195734432,E-CDE-VAE,100,0.001,0.001,1,1,1,0.0005,600,0.4,Adam
0.0,0.0,0.017308866529067764,E-CDE-VAE,100,0.001,0.001,1,1,1,0.0005,600,0.4,Adam
0.0,0.0,0.013975533195734432,E-CDE-VAE,100,0.001,0.001,1,1,1,0.0005,600,0.4,Adam
0.0,0.0,0.0,E-CDE-VAE,100,0.001,0.001,1,1,1,0.0005,600,0.4,Adam
0.0,0.0,0.0,E-CDE-VAE,100,0.001,0.001,1,1,1,0.0005,600,0.4,Adam
0.4966666666666666,0.4856349206349206,0.5105311585129695,E-CDE-VAE,100,0.001,0.001,1,1,1,0.0005,600,0.4,Adam
0.09,0.15746031746031747,0.15958283224343595,E-CDE-VAE,100,0.001,0.001,1,1,1,0.0005,600,0.4,Adam
0.4966666666666666,0.4856349206349206,0.5105311585129695,E-CDE-VAE,100,0.001,0.001,1,1,1,0.0005,600,0.4,Adam
0.09,0.15746031746031747,0.15958283224343595,E-CDE-VAE,100,0.001,0.001,1,1,1,0.0005,600,0.4,Adam
0.0,0.0,0.013975533195734432,E-CDE-VAE,100,0.001,0.001,1,1,1,0.0005,600,0.4,Adam
0.0,0.0,0.0,E-CDE-VAE,100,0.001,0.001,1,1,1,0.0005,600,0.4,Adam
0.0,0.0,0.0,E-CDE-VAE,100,0.001,0.001,1,1,1,0.0005,600,0.4,Adam
0.0,0.0,0.0,E-CDE-VAE,100,0.001,0.001,1,1,1,0.0005,600,0.4,Adam
0.0,0.0,0.013975533195734432,E-CDE-VAE,100,0.001,0.001,1,1,1,0.0005,600,0.4,Adam
0.09,0.15746031746031747,0.15958283224343595,E-CDE-VAE,100,0.001,0.001,1,1,1,0.0005,600,0.4,Adam
0.0,0.0,0.0,E-CDE-VAE,100,0.001,0.001,1,1,1,0.0005,600,0.4,Adam
0.0,0.0,0.013975533195734432,E-CDE-VAE,100,0.001,0.001,1,1,1,0.0005,600,0.4,Adam
0.0,0.0,0.0,E-CDE-VAE,100,0.001,0.001,1,1,1,0.0005,600,0.4,Adam
0.0,0.0,0.017308866529067764,E-CDE-VAE,100,0.001,0.001,1,1,1,0.0005,600,0.4,Adam
0.0,0.0,0.0,E-CDE-VAE,100,0.001,0.001,1,1,1,0.0005,600,0.4,Adam
0.0,0.0,0.0,E-CDE-VAE,100,0.001,0.001,1,1,1,0.0005,600,0.4,Adam
0.0,0.0,0.0,E-CDE-VAE,100,0.001,0.001,1,1,1,0.0005,600,0.4,Adam
0.0,0.0,0.0,E-CDE-VAE,100,0.001,0.001,1,1,1,0.0005,600,0.4,Adam
0.0,0.0,0.0,E-CDE-VAE,100,0.001,0.001,1,1,1,0.0005,600,0.4,Adam
0.4966666666666666,0.4856349206349206,0.5105311585129695,E-CDE-VAE,100,0.001,0.001,1,1,1,0.0005,600,0.4,Adam
0.0,0.0,0.0,E-CDE-VAE,100,0.001,0.001,1,1,1,0.0005,600,0.4,Adam
0.0,0.0,0.0,E-CDE-VAE,100,0.001,0.001,1,1,1,0.0005,600,0.4,Adam
0.0,0.0,0.0,E-CDE-VAE,100,0.001,0.001,1,1,1,0.0005,600,0.4,Adam
0.0,0.0,0.0,E-CDE-VAE,100,0.001,0.001,1,1,1,0.0005,600,0.4,Adam
0.0,0.0,0.0,E-CDE-VAE,100,0.001,0.001,1,1,1,0.0005,600,0.4,Adam
0.4966666666666666,0.4856349206349206,0.5105311585129695,E-CDE-VAE,100,0.001,0.001,1,1,1,0.0005,600,0.4,Adam
0.0,0.0,0.017308866529067764,E-CDE-VAE,100,0.001,0.001,1,1,1,0.0005,600,0.4,Adam
0.0,0.0,0.0,E-CDE-VAE,100,0.001,0.001,1,1,1,0.0005,600,0.4,Adam
0.09,0.15746031746031747,0.15958283224343595,E-CDE-VAE,100,0.001,0.001,1,1,1,0.0005,600,0.4,Adam
0.0,0.0,0.017308866529067764,E-CDE-VAE,100,0.001,0.001,1,1,1,0.0005,600,0.4,Adam
0.0,0.0,0.017308866529067764,E-CDE-VAE,100,0.001,0.001,1,1,1,0.0005,600,0.4,Adam
0.0,0.0,0.0,E-CDE-VAE,100,0.001,0.001,1,1,1,0.0005,600,0.4,Adam
0.0,0.0,0.013975533195734432,E-CDE-VAE,100,0.001,0.001,1,1,1,0.0005,600,0.4,Adam
0.0,0.0,0.0,E-CDE-VAE,100,0.001,0.001,1,1,1,0.0005,600,0.4,Adam
0.0,0.0,0.0,E-CDE-VAE,100,0.001,0.001,1,1,1,0.0005,600,0.4,Adam
0.0,0.0,0.0,E-CDE-VAE,100,0.001,0.001,1,1,1,0.0005,600,0.4,Adam
0.0,0.0,0.0,E-CDE-VAE,100,0.001,0.001,1,1,1,0.0005,600,0.4,Adam
0.0,0.0,0.0,E-CDE-VAE,100,0.001,0.001,1,1,1,0.0005,600,0.4,Adam
0.0,0.0,0.0,E-CDE-VAE,100,0.001,0.001,1,1,1,0.0005,600,0.4,Adam
0.0,0.0,0.0,E-CDE-VAE,100,0.001,0.001,1,1,1,0.0005,600,0.4,Adam
0.0,0.0,0.0,E-CDE-VAE,100,0.001,0.001,1,1,1,0.0005,600,0.4,Adam
0.4966666666666666,0.4856349206349206,0.5105311585129695,E-CDE-VAE,100,0.001,0.001,1,1,1,0.0005,600,0.4,Adam
0.0,0.0,0.0,E-CDE-VAE,100,0.001,0.001,1,1,1,0.0005,600,0.4,Adam
0.0,0.0,0.0,E-CDE-VAE,100,0.001,0.001,1,1,1,0.0005,600,0.4,Adam
0.0,0.0,0.0,E-CDE-VAE,100,0.001,0.001,1,1,1,0.0005,600,0.4,Adam
0.0,0.0,0.0,E-CDE-VAE,100,0.001,0.001,1,1,1,0.0005,600,0.4,Adam
0.0,0.0,0.0,E-CDE-VAE,100,0.001,0.001,1,1,1,0.0005,600,0.4,Adam
0.0,0.0,0.0,E-CDE-VAE,100,0.001,0.001,1,1,1,0.0005,600,0.4,Adam
0.09,0.15746031746031747,0.15958283224343595,E-CDE-VAE,100,0.001,0.001,1,1,1,0.0005,600,0.4,Adam
0.0,0.0,0.0,E-CDE-VAE,100,0.001,0.001,1,1,1,0.0005,600,0.4,Adam
0.0,0.0,0.0,E-CDE-VAE,100,0.001,0.001,1,1,1,0.0005,600,0.4,Adam
0.4966666666666666,0.4856349206349206,0.5105311585129695,E-CDE-VAE,100,0.001,0.001,1,1,1,0.0005,600,0.4,Adam
0.0,0.0,0.0,E-CDE-VAE,100,0.001,0.001,1,1,1,0.0005,600,0.4,Adam
0.0,0.0,0.013975533195734432,E-CDE-VAE,100,0.001,0.001,1,1,1,0.0005,600,0.4,Adam
0.0,0.0,0.0,E-CDE-VAE,100,0.001,0.001,1,1,1,0.0005,600,0.4,Adam
0.0,0.0,0.0,E-CDE-VAE,100,0.001,0.001,1,1,1,0.0005,600,0.4,Adam
0.0,0.0,0.0,E-CDE-VAE,100,0.001,0.001,1,1,1,0.0005,600,0.4,Adam
0.0,0.0,0.017308866529067764,E-CDE-VAE,100,0.001,0.001,1,1,1,0.0005,600,0.4,Adam
0.0,0.0,0.017308866529067764,E-CDE-VAE,100,0.001,0.001,1,1,1,0.0005,600,0.4,Adam
0.0,0.0,0.0,E-CDE-VAE,100,0.001,0.001,1,1,1,0.0005,600,0.4,Adam
0.09,0.15746031746031747,0.15958283224343595,E-CDE-VAE,100,0.001,0.001,1,1,1,0.0005,600,0.4,Adam
0.0,0.0,0.0,E-CDE-VAE,100,0.001,0.001,1,1,1,0.0005,600,0.4,Adam
0.0,0.0,0.0,E-CDE-VAE,100,0.001,0.001,1,1,1,0.0005,600,0.4,Adam
0.4966666666666666,0.4856349206349206,0.5105311585129695,E-CDE-VAE,100,0.001,0.001,1,1,1,0.0005,600,0.4,Adam
0.0,0.0,0.0,E-CDE-VAE,100,0.001,0.001,1,1,1,0.0005,600,0.4,Adam
0.4966666666666666,0.4856349206349206,0.5105311585129695,E-CDE-VAE,100,0.001,0.001,1,1,1,0.0005,600,0.4,Adam
0.0,0.0,0.0,E-CDE-VAE,100,0.001,0.001,1,1,1,0.0005,600,0.4,Adam
0.0,0.0,0.013975533195734432,E-CDE-VAE,100,0.001,0.001,1,1,1,0.0005,600,0.4,Adam
0.0,0.0,0.013975533195734432,E-CDE-VAE,100,0.001,0.001,1,1,1,0.0005,600,0.4,Adam
0.0,0.0,0.0,E-CDE-VAE,100,0.001,0.001,1,1,1,0.0005,600,0.4,Adam
0.0,0.0,0.0,E-CDE-VAE,100,0.001,0.001,1,1,1,0.0005,600,0.4,Adam
0.0,0.0,0.0,E-CDE-VAE,100,0.001,0.001,1,1,1,0.0005,600,0.4,Adam
0.0,0.0,0.0,E-CDE-VAE,100,0.001,0.001,1,1,1,0.0005,600,0.4,Adam
0.0,0.0,0.0,E-CDE-VAE,100,0.001,0.001,1,1,1,0.0005,600,0.4,Adam
0.0,0.0,0.0,E-CDE-VAE,100,0.001,0.001,1,1,1,0.0005,600,0.4,Adam
0.0,0.0,0.0,E-CDE-VAE,100,0.001,0.001,1,1,1,0.0005,600,0.4,Adam
0.09,0.15746031746031747,0.15958283224343595,E-CDE-VAE,100,0.001,0.001,1,1,1,0.0005,600,0.4,Adam
0.0,0.0,0.0,E-CDE-VAE,100,0.001,0.001,1,1,1,0.0005,600,0.4,Adam
0.0,0.0,0.0,E-CDE-VAE,100,0.001,0.001,1,1,1,0.0005,600,0.4,Adam
0.0,0.0,0.0,E-CDE-VAE,100,0.001,0.001,1,1,1,0.0005,600,0.4,Adam
0.09,0.15746031746031747,0.15958283224343595,E-CDE-VAE,100,0.001,0.001,1,1,1,0.0005,600,0.4,Adam
0.0,0.0,0.0,E-CDE-VAE,100,0.001,0.001,1,1,1,0.0005,600,0.4,Adam
0.0,0.0,0.013975533195734432,E-CDE-VAE,100,0.001,0.001,1,1,1,0.0005,600,0.4,Adam
0.4966666666666666,0.4856349206349206,0.5105311585129695,E-CDE-VAE,100,0.001,0.001,1,1,1,0.0005,600,0.4,Adam
0.0,0.0,0.017308866529067764,E-CDE-VAE,100,0.001,0.001,1,1,1,0.0005,600,0.4,Adam
0.0,0.0,0.0,E-CDE-VAE,100,0.001,0.001,1,1,1,0.0005,600,0.4,Adam
0.0,0.0,0.0,E-CDE-VAE,100,0.001,0.001,1,1,1,0.0005,600,0.4,Adam
0.0,0.0,0.0,E-CDE-VAE,100,0.001,0.001,1,1,1,0.0005,600,0.4,Adam
0.4966666666666666,0.4856349206349206,0.5105311585129695,E-CDE-VAE,100,0.001,0.001,1,1,1,0.0005,600,0.4,Adam
0.0,0.0,0.017308866529067764,E-CDE-VAE,100,0.001,0.001,1,1,1,0.0005,600,0.4,Adam
0.4966666666666666,0.4856349206349206,0.5105311585129695,E-CDE-VAE,100,0.001,0.001,1,1,1,0.0005,600,0.4,Adam
0.09,0.15746031746031747,0.15958283224343595,E-CDE-VAE,100,0.001,0.001,1,1,1,0.0005,600,0.4,Adam
0.0,0.0,0.0,E-CDE-VAE,100,0.001,0.001,1,1,1,0.0005,600,0.4,Adam
0.0,0.0,0.0,E-CDE-VAE,100,0.001,0.001,1,1,1,0.0005,600,0.4,Adam
0.0,0.0,0.0,E-CDE-VAE,100,0.001,0.001,1,1,1,0.0005,600,0.4,Adam
0.4966666666666666,0.4856349206349206,0.5105311585129695,E-CDE-VAE,100,0.001,0.001,1,1,1,0.0005,600,0.4,Adam
0.0,0.0,0.0,E-CDE-VAE,100,0.001,0.001,1,1,1,0.0005,600,0.4,Adam
0.0,0.0,0.017308866529067764,E-CDE-VAE,100,0.001,0.001,1,1,1,0.0005,600,0.4,Adam
0.09,0.15746031746031747,0.15958283224343595,E-CDE-VAE,100,0.001,0.001,1,1,1,0.0005,600,0.4,Adam
0.0,0.0,0.017308866529067764,E-CDE-VAE,100,0.001,0.001,1,1,1,0.0005,600,0.4,Adam
0.4966666666666666,0.4856349206349206,0.5105311585129695,E-CDE-VAE,100,0.001,0.001,1,1,1,0.0005,600,0.4,Adam
0.0,0.0,0.0,E-CDE-VAE,100,0.001,0.001,1,1,1,0.0005,600,0.4,Adam
0.0,0.0,0.0,E-CDE-VAE,100,0.001,0.001,1,1,1,0.0005,600,0.4,Adam
0.4966666666666666,0.4856349206349206,0.5105311585129695,E-CDE-VAE,100,0.001,0.001,1,1,1,0.0005,600,0.4,Adam
0.0,0.0,0.017308866529067764,E-CDE-VAE,100,0.001,0.001,1,1,1,0.0005,600,0.4,Adam
0.0,0.0,0.017308866529067764,E-CDE-VAE,100,0.001,0.001,1,1,1,0.0005,600,0.4,Adam
0.09,0.15746031746031747,0.15958283224343595,E-CDE-VAE,100,0.001,0.001,1,1,1,0.0005,600,0.4,Adam
0.0,0.0,0.0,E-CDE-VAE,100,0.001,0.001,1,1,1,0.0005,600,0.4,Adam
0.4966666666666666,0.4856349206349206,0.5105311585129695,E-CDE-VAE,100,0.001,0.001,1,1,1,0.0005,600,0.4,Adam
0.0,0.0,0.0,E-CDE-VAE,100,0.001,0.001,1,1,1,0.0005,600,0.4,Adam
0.0,0.0,0.0,E-CDE-VAE,100,0.001,0.001,1,1,1,0.0005,600,0.4,Adam
0.0,0.0,0.0,E-CDE-VAE,100,0.001,0.001,1,1,1,0.0005,600,0.4,Adam
0.0,0.0,0.0,E-CDE-VAE,100,0.001,0.001,1,1,1,0.0005,600,0.4,Adam
0.0,0.0,0.0,E-CDE-VAE,100,0.001,0.001,1,1,1,0.0005,600,0.4,Adam
0.0,0.0,0.0,E-CDE-VAE,100,0.001,0.001,1,1,1,0.0005,600,0.4,Adam
0.0,0.0,0.017308866529067764,E-CDE-VAE,100,0.001,0.001,1,1,1,0.0005,600,0.4,Adam
0.4966666666666666,0.4856349206349206,0.5105311585129695,E-CDE-VAE,100,0.001,0.001,1,1,1,0.0005,600,0.4,Adam
0.0,0.0,0.0,E-CDE-VAE,100,0.001,0.001,1,1,1,0.0005,600,0.4,Adam
0.0,0.0,0.0,E-CDE-VAE,100,0.001,0.001,1,1,1,0.0005,600,0.4,Adam
0.0,0.0,0.017308866529067764,E-CDE-VAE,100,0.001,0.001,1,1,1,0.0005,600,0.4,Adam
0.09,0.15746031746031747,0.15958283224343595,E-CDE-VAE,100,0.001,0.001,1,1,1,0.0005,600,0.4,Adam
0.0,0.0,0.017308866529067764,E-CDE-VAE,100,0.001,0.001,1,1,1,0.0005,600,0.4,Adam
0.0,0.0,0.0,E-CDE-VAE,100,0.001,0.001,1,1,1,0.0005,600,0.4,Adam
0.09,0.15746031746031747,0.15958283224343595,E-CDE-VAE,100,0.001,0.001,1,1,1,0.0005,600,0.4,Adam
0.4966666666666666,0.4856349206349206,0.5105311585129695,E-CDE-VAE,100,0.001,0.001,1,1,1,0.0005,600,0.4,Adam
0.0,0.0,0.017308866529067764,E-CDE-VAE,100,0.001,0.001,1,1,1,0.0005,600,0.4,Adam
0.0,0.0,0.0,E-CDE-VAE,100,0.001,0.001,1,1,1,0.0005,600,0.4,Adam
0.0,0.0,0.013975533195734432,E-CDE-VAE,100,0.001,0.001,1,1,1,0.0005,600,0.4,Adam
0.4966666666666666,0.4856349206349206,0.5105311585129695,E-CDE-VAE,100,0.001,0.001,1,1,1,0.0005,600,0.4,Adam
0.0,0.0,0.0,E-CDE-VAE,100,0.001,0.001,1,1,1,0.0005,600,0.4,Adam
0.4966666666666666,0.4856349206349206,0.5105311585129695,E-CDE-VAE,100,0.001,0.001,1,1,1,0.0005,600,0.4,Adam
0.0,0.0,0.0,E-CDE-VAE,100,0.001,0.001,1,1,1,0.0005,600,0.4,Adam
0.0,0.0,0.0,E-CDE-VAE,100,0.01,0.001,1,1,1,0.0005,600,0.4,Adam
0.0,0.0,0.0,E-CDE-VAE,100,0.01,0.001,1,1,1,0.0005,600,0.4,Adam
0.09,0.15746031746031747,0.15958283224343595,E-CDE-VAE,100,0.01,0.001,1,1,1,0.0005,600,0.4,Adam
0.0,0.0,0.0,E-CDE-VAE,100,0.01,0.001,1,1,1,0.0005,600,0.4,Adam
0.09,0.15746031746031747,0.15958283224343595,E-CDE-VAE,100,0.01,0.001,1,1,1,0.0005,600,0.4,Adam
0.0,0.0,0.013975533195734432,E-CDE-VAE,100,0.01,0.001,1,1,1,0.0005,600,0.4,Adam
0.0,0.0,0.017308866529067764,E-CDE-VAE,100,0.01,0.001,1,1,1,0.0005,600,0.4,Adam
0.0,0.0,0.0,E-CDE-VAE,100,0.01,0.001,1,1,1,0.0005,600,0.4,Adam
0.4966666666666666,0.4856349206349206,0.5105311585129695,E-CDE-VAE,100,0.01,0.001,1,1,1,0.0005,600,0.4,Adam
0.4966666666666666,0.4856349206349206,0.5105311585129695,E-CDE-VAE,100,0.01,0.001,1,1,1,0.0005,600,0.4,Adam
0.09,0.15746031746031747,0.15958283224343595,E-CDE-VAE,100,0.01,0.001,1,1,1,0.0005,600,0.4,Adam
0.0,0.0,0.0,E-CDE-VAE,100,0.01,0.001,1,1,1,0.0005,600,0.4,Adam
0.0,0.0,0.017308866529067764,E-CDE-VAE,100,0.01,0.001,1,1,1,0.0005,600,0.4,Adam
0.0,0.0,0.0,E-CDE-VAE,100,0.01,0.001,1,1,1,0.0005,600,0.4,Adam
0.0,0.0,0.013975533195734432,E-CDE-VAE,100,0.01,0.001,1,1,1,0.0005,600,0.4,Adam
0.0,0.0,0.0,E-CDE-VAE,100,0.01,0.001,1,1,1,0.0005,600,0.4,Adam
0.4966666666666666,0.4856349206349206,0.5105311585129695,E-CDE-VAE,100,0.01,0.001,1,1,1,0.0005,600,0.4,Adam
0.0,0.0,0.013975533195734432,E-CDE-VAE,100,0.01,0.001,1,1,1,0.0005,600,0.4,Adam
0.0,0.0,0.0,E-CDE-VAE,100,0.01,0.001,1,1,1,0.0005,600,0.4,Adam
0.09,0.15746031746031747,0.15958283224343595,E-CDE-VAE,100,0.01,0.001,1,1,1,0.0005,600,0.4,Adam
0.0,0.0,0.0,E-CDE-VAE,100,0.01,0.001,1,1,1,0.0005,600,0.4,Adam
0.0,0.0,0.017308866529067764,E-CDE-VAE,100,0.01,0.001,1,1,1,0.0005,600,0.4,Adam
0.09,0.15746031746031747,0.15958283224343595,E-CDE-VAE,100,0.01,0.001,1,1,1,0.0005,600,0.4,Adam
0.0,0.0,0.017308866529067764,E-CDE-VAE,100,0.01,0.001,1,1,1,0.0005,600,0.4,Adam
0.0,0.0,0.0,E-CDE-VAE,100,0.01,0.001,1,1,1,0.0005,600,0.4,Adam
0.0,0.0,0.017308866529067764,E-CDE-VAE,100,0.01,0.001,1,1,1,0.0005,600,0.4,Adam
0.0,0.0,0.0,E-CDE-VAE,100,0.01,0.001,1,1,1,0.0005,600,0.4,Adam
0.0,0.0,0.0,E-CDE-VAE,100,0.01,0.001,1,1,1,0.0005,600,0.4,Adam
0.0,0.0,0.0,E-CDE-VAE,100,0.01,0.001,1,1,1,0.0005,600,0.4,Adam
0.0,0.0,0.013975533195734432,E-CDE-VAE,100,0.01,0.001,1,1,1,0.0005,600,0.4,Adam
0.0,0.0,0.017308866529067764,E-CDE-VAE,100,0.01,0.001,1,1,1,0.0005,600,0.4,Adam
0.0,0.0,0.013975533195734432,E-CDE-VAE,100,0.01,0.001,1,1,1,0.0005,600,0.4,Adam
0.0,0.0,0.0,E-CDE-VAE,100,0.01,0.001,1,1,1,0.0005,600,0.4,Adam
0.0,0.0,0.0,E-CDE-VAE,100,0.01,0.001,1,1,1,0.0005,600,0.4,Adam
0.4966666666666666,0.4856349206349206,0.5105311585129695,E-CDE-VAE,100,0.01,0.001,1,1,1,0.0005,600,0.4,Adam
0.0,0.0,0.0,E-CDE-VAE,100,0.01,0.001,1,1,1,0.0005,600,0.4,Adam
0.0,0.0,0.017308866529067764,E-CDE-VAE,100,0.01,0.001,1,1,1,0.0005,600,0.4,Adam
0.0,0.0,0.017308866529067764,E-CDE-VAE,100,0.01,0.001,1,1,1,0.0005,600,0.4,Adam
0.0,0.0,0.0,E-CDE-VAE,100,0.01,0.001,1,1,1,0.0005,600,0.4,Adam
0.0,0.0,0.0,E-CDE-VAE,100,0.01,0.001,1,1,1,0.0005,600,0.4,Adam
0.0,0.0,0.0,E-CDE-VAE,100,0.01,0.001,1,1,1,0.0005,600,0.4,Adam
0.0,0.0,0.0,E-CDE-VAE,100,0.01,0.001,1,1,1,0.0005,600,0.4,Adam
0.09,0.15746031746031747,0.15958283224343595,E-CDE-VAE,100,0.01,0.001,1,1,1,0.0005,600,0.4,Adam
0.0,0.0,0.0,E-CDE-VAE,100,0.01,0.001,1,1,1,0.0005,600,0.4,Adam
0.4966666666666666,0.4856349206349206,0.5105311585129695,E-CDE-VAE,100,0.01,0.001,1,1,1,0.0005,600,0.4,Adam
0.4966666666666666,0.4856349206349206,0.5105311585129695,E-CDE-VAE,100,0.01,0.001,1,1,1,0.0005,600,0.4,Adam
0.0,0.0,0.0,E-CDE-VAE,100,0.01,0.001,1,1,1,0.0005,600,0.4,Adam
0.0,0.0,0.013975533195734432,E-CDE-VAE,100,0.01,0.001,1,1,1,0.0005,600,0.4,Adam
0.0,0.0,0.0,E-CDE-VAE,100,0.01,0.001,1,1,1,0.0005,600,0.4,Adam
0.0,0.0,0.0,E-CDE-VAE,100,0.01,0.001,1,1,1,0.0005,600,0.4,Adam
0.0,0.0,0.0,E-CDE-VAE,100,0.01,0.001,1,1,1,0.0005,600,0.4,Adam
0.0,0.0,0.0,E-CDE-VAE,100,0.01,0.001,1,1,1,0.0005,600,0.4,Adam
0.0,0.0,0.0,E-CDE-VAE,100,0.01,0.001,1,1,1,0.0005,600,0.4,Adam
0.0,0.0,0.0,E-CDE-VAE,100,0.01,0.001,1,1,1,0.0005,600,0.4,Adam
0.0,0.0,0.0,E-CDE-VAE,100,0.01,0.001,1,1,1,0.0005,600,0.4,Adam
0.0,0.0,0.0,E-CDE-VAE,100,0.01,0.001,1,1,1,0.0005,600,0.4,Adam
0.0,0.0,0.0,E-CDE-VAE,100,0.01,0.001,1,1,1,0.0005,600,0.4,Adam
0.0,0.0,0.0,E-CDE-VAE,100,0.01,0.001,1,1,1,0.0005,600,0.4,Adam
0.0,0.0,0.0,E-CDE-VAE,100,0.01,0.001,1,1,1,0.0005,600,0.4,Adam
0.0,0.0,0.0,E-CDE-VAE,100,0.01,0.001,1,1,1,0.0005,600,0.4,Adam
0.0,0.0,0.0,E-CDE-VAE,100,0.01,0.001,1,1,1,0.0005,600,0.4,Adam
0.0,0.0,0.0,E-CDE-VAE,100,0.01,0.001,1,1,1,0.0005,600,0.4,Adam
0.0,0.0,0.0,E-CDE-VAE,100,0.01,0.001,1,1,1,0.0005,600,0.4,Adam
0.0,0.0,0.013975533195734432,E-CDE-VAE,100,0.01,0.001,1,1,1,0.0005,600,0.4,Adam
0.0,0.0,0.0,E-CDE-VAE,100,0.01,0.001,1,1,1,0.0005,600,0.4,Adam
0.0,0.0,0.0,E-CDE-VAE,100,0.01,0.001,1,1,1,0.0005,600,0.4,Adam
0.0,0.0,0.0,E-CDE-VAE,100,0.01,0.001,1,1,1,0.0005,600,0.4,Adam
0.0,0.0,0.0,E-CDE-VAE,100,0.01,0.001,1,1,1,0.0005,600,0.4,Adam
0.4966666666666666,0.4856349206349206,0.5105311585129695,E-CDE-VAE,100,0.01,0.001,1,1,1,0.0005,600,0.4,Adam
0.0,0.0,0.0,E-CDE-VAE,100,0.01,0.001,1,1,1,0.0005,600,0.4,Adam
0.0,0.0,0.0,E-CDE-VAE,100,0.01,0.001,1,1,1,0.0005,600,0.4,Adam
0.4966666666666666,0.4856349206349206,0.5105311585129695,E-CDE-VAE,100,0.01,0.001,1,1,1,0.0005,600,0.4,Adam
0.4966666666666666,0.4856349206349206,0.5105311585129695,E-CDE-VAE,100,0.01,0.001,1,1,1,0.0005,600,0.4,Adam
0.0,0.0,0.0,E-CDE-VAE,100,0.01,0.001,1,1,1,0.0005,600,0.4,Adam
0.0,0.0,0.0,E-CDE-VAE,100,0.01,0.001,1,1,1,0.0005,600,0.4,Adam
0.0,0.0,0.0,E-CDE-VAE,100,0.01,0.001,1,1,1,0.0005,600,0.4,Adam
0.0,0.0,0.017308866529067764,E-CDE-VAE,100,0.01,0.001,1,1,1,0.0005,600,0.4,Adam
0.0,0.0,0.0,E-CDE-VAE,100,0.01,0.001,1,1,1,0.0005,600,0.4,Adam
0.4966666666666666,0.4856349206349206,0.5105311585129695,E-CDE-VAE,100,0.01,0.001,1,1,1,0.0005,600,0.4,Adam
0.0,0.0,0.0,E-CDE-VAE,100,0.01,0.001,1,1,1,0.0005,600,0.4,Adam
0.0,0.0,0.0,E-CDE-VAE,100,0.01,0.001,1,1,1,0.0005,600,0.4,Adam
0.0,0.0,0.0,E-CDE-VAE,100,0.01,0.001,1,1,1,0.0005,600,0.4,Adam
0.0,0.0,0.0,E-CDE-VAE,100,0.01,0.001,1,1,1,0.0005,600,0.4,Adam
0.0,0.0,0.017308866529067764,E-CDE-VAE,100,0.01,0.001,1,1,1,0.0005,600,0.4,Adam
0.0,0.0,0.013975533195734432,E-CDE-VAE,100,0.01,0.001,1,1,1,0.0005,600,0.4,Adam
0.4966666666666666,0.4856349206349206,0.5105311585129695,E-CDE-VAE,100,0.01,0.001,1,1,1,0.0005,600,0.4,Adam
0.0,0.0,0.0,E-CDE-VAE,100,0.01,0.001,1,1,1,0.0005,600,0.4,Adam
0.0,0.0,0.0,E-CDE-VAE,100,0.01,0.001,1,1,1,0.0005,600,0.4,Adam
0.0,0.0,0.017308866529067764,E-CDE-VAE,100,0.01,0.001,1,1,1,0.0005,600,0.4,Adam
0.0,0.0,0.017308866529067764,E-CDE-VAE,100,0.01,0.001,1,1,1,0.0005,600,0.4,Adam
0.0,0.0,0.0,E-CDE-VAE,100,0.01,0.001,1,1,1,0.0005,600,0.4,Adam
0.0,0.0,0.0,E-CDE-VAE,100,0.01,0.001,1,1,1,0.0005,600,0.4,Adam
0.0,0.0,0.0,E-CDE-VAE,100,0.01,0.001,1,1,1,0.0005,600,0.4,Adam
0.0,0.0,0.0,E-CDE-VAE,100,0.01,0.001,1,1,1,0.0005,600,0.4,Adam
0.0,0.0,0.0,E-CDE-VAE,100,0.01,0.001,1,1,1,0.0005,600,0.4,Adam
0.0,0.0,0.0,E-CDE-VAE,100,0.01,0.001,1,1,1,0.0005,600,0.4,Adam
0.0,0.0,0.0,E-CDE-VAE,100,0.01,0.001,1,1,1,0.0005,600,0.4,Adam
0.0,0.0,0.0,E-CDE-VAE,100,0.01,0.001,1,1,1,0.0005,600,0.4,Adam
0.4966666666666666,0.4856349206349206,0.5105311585129695,E-CDE-VAE,100,0.01,0.001,1,1,1,0.0005,600,0.4,Adam
0.0,0.0,0.0,E-CDE-VAE,100,0.01,0.001,1,1,1,0.0005,600,0.4,Adam
0.4966666666666666,0.4856349206349206,0.5105311585129695,E-CDE-VAE,100,0.01,0.001,1,1,1,0.0005,600,0.4,Adam
0.0,0.0,0.017308866529067764,E-CDE-VAE,100,0.01,0.001,1,1,1,0.0005,600,0.4,Adam
0.0,0.0,0.0,E-CDE-VAE,100,0.01,0.001,1,1,1,0.0005,600,0.4,Adam
0.09,0.15746031746031747,0.15958283224343595,E-CDE-VAE,100,0.01,0.001,1,1,1,0.0005,600,0.4,Adam
0.09,0.15746031746031747,0.15958283224343595,E-CDE-VAE,100,0.01,0.001,1,1,1,0.0005,600,0.4,Adam
0.4966666666666666,0.4856349206349206,0.5105311585129695,E-CDE-VAE,100,0.01,0.001,1,1,1,0.0005,600,0.4,Adam
0.0,0.0,0.0,E-CDE-VAE,100,0.01,0.001,1,1,1,0.0005,600,0.4,Adam
0.0,0.0,0.017308866529067764,E-CDE-VAE,100,0.01,0.001,1,1,1,0.0005,600,0.4,Adam
0.0,0.0,0.017308866529067764,E-CDE-VAE,100,0.01,0.001,1,1,1,0.0005,600,0.4,Adam
0.09,0.15746031746031747,0.15958283224343595,E-CDE-VAE,100,0.01,0.001,1,1,1,0.0005,600,0.4,Adam
0.0,0.0,0.0,E-CDE-VAE,100,0.01,0.001,1,1,1,0.0005,600,0.4,Adam
0.0,0.0,0.0,E-CDE-VAE,100,0.01,0.001,1,1,1,0.0005,600,0.4,Adam
0.09,0.15746031746031747,0.15958283224343595,E-CDE-VAE,100,0.01,0.001,1,1,1,0.0005,600,0.4,Adam
0.0,0.0,0.0,E-CDE-VAE,100,0.01,0.001,1,1,1,0.0005,600,0.4,Adam
0.4966666666666666,0.4856349206349206,0.5105311585129695,E-CDE-VAE,100,0.01,0.001,1,1,1,0.0005,600,0.4,Adam
0.0,0.0,0.0,E-CDE-VAE,100,0.01,0.001,1,1,1,0.0005,600,0.4,Adam
0.0,0.0,0.013975533195734432,E-CDE-VAE,100,0.01,0.001,1,1,1,0.0005,600,0.4,Adam
0.0,0.0,0.0,E-CDE-VAE,100,0.01,0.001,1,1,1,0.0005,600,0.4,Adam
0.0,0.0,0.0,E-CDE-VAE,100,0.01,0.001,1,1,1,0.0005,600,0.4,Adam
0.0,0.0,0.0,E-CDE-VAE,100,0.01,0.001,1,1,1,0.0005,600,0.4,Adam
0.4966666666666666,0.4856349206349206,0.5105311585129695,E-CDE-VAE,100,0.01,0.001,1,1,1,0.0005,600,0.4,Adam
0.0,0.0,0.0,E-CDE-VAE,100,0.01,0.001,1,1,1,0.0005,600,0.4,Adam
0.0,0.0,0.0,E-CDE-VAE,100,0.01,0.001,1,1,1,0.0005,600,0.4,Adam
0.0,0.0,0.013975533195734432,E-CDE-VAE,100,0.01,0.001,1,1,1,0.0005,600,0.4,Adam
0.0,0.0,0.0,E-CDE-VAE,100,0.01,0.001,1,1,1,0.0005,600,0.4,Adam
0.0,0.0,0.017308866529067764,E-CDE-VAE,100,0.01,0.001,1,1,1,0.0005,600,0.4,Adam
0.0,0.0,0.0,E-CDE-VAE,100,0.01,0.001,1,1,1,0.0005,600,0.4,Adam
0.0,0.0,0.0,E-CDE-VAE,100,0.01,0.001,1,1,1,0.0005,600,0.4,Adam
0.0,0.0,0.017308866529067764,E-CDE-VAE,100,0.01,0.001,1,1,1,0.0005,600,0.4,Adam
0.0,0.0,0.0,E-CDE-VAE,100,0.01,0.001,1,1,1,0.0005,600,0.4,Adam
0.0,0.0,0.017308866529067764,E-CDE-VAE,100,0.01,0.001,1,1,1,0.0005,600,0.4,Adam
0.0,0.0,0.0,E-CDE-VAE,100,0.01,0.001,1,1,1,0.0005,600,0.4,Adam
0.0,0.0,0.0,E-CDE-VAE,100,0.01,0.001,1,1,1,0.0005,600,0.4,Adam
0.0,0.0,0.0,E-CDE-VAE,100,0.01,0.001,1,1,1,0.0005,600,0.4,Adam
0.0,0.0,0.0,E-CDE-VAE,100,0.01,0.001,1,1,1,0.0005,600,0.4,Adam
0.09,0.15746031746031747,0.15958283224343595,E-CDE-VAE,100,0.01,0.001,1,1,1,0.0005,600,0.4,Adam
0.0,0.0,0.013975533195734432,E-CDE-VAE,100,0.01,0.001,1,1,1,0.0005,600,0.4,Adam
0.0,0.0,0.0,E-CDE-VAE,100,0.01,0.001,1,1,1,0.0005,600,0.4,Adam
0.09,0.15746031746031747,0.15958283224343595,E-CDE-VAE,100,0.01,0.001,1,1,1,0.0005,600,0.4,Adam
0.09,0.15746031746031747,0.15958283224343595,E-CDE-VAE,100,0.01,0.001,1,1,1,0.0005,600,0.4,Adam
0.0,0.0,0.0,E-CDE-VAE,100,0.01,0.001,1,1,1,0.0005,600,0.4,Adam
0.0,0.0,0.0,E-CDE-VAE,100,0.01,0.001,1,1,1,0.0005,600,0.4,Adam
0.0,0.0,0.0,E-CDE-VAE,100,0.01,0.001,1,1,1,0.0005,600,0.4,Adam
0.4966666666666666,0.4856349206349206,0.5105311585129695,E-CDE-VAE,100,0.01,0.001,1,1,1,0.0005,600,0.4,Adam
0.09,0.15746031746031747,0.15958283224343595,E-CDE-VAE,100,0.01,0.001,1,1,1,0.0005,600,0.4,Adam
0.0,0.0,0.017308866529067764,E-CDE-VAE,100,0.01,0.001,1,1,1,0.0005,600,0.4,Adam
0.0,0.0,0.0,E-CDE-VAE,100,0.01,0.001,1,1,1,0.0005,600,0.4,Adam
0.4966666666666666,0.4856349206349206,0.5105311585129695,E-CDE-VAE,100,0.01,0.001,1,1,1,0.0005,600,0.4,Adam
0.0,0.0,0.0,E-CDE-VAE,100,0.01,0.001,1,1,1,0.0005,600,0.4,Adam
0.0,0.0,0.0,E-CDE-VAE,100,0.01,0.001,1,1,1,0.0005,600,0.4,Adam
0.0,0.0,0.017308866529067764,E-CDE-VAE,100,0.01,0.001,1,1,1,0.0005,600,0.4,Adam
0.0,0.0,0.0,E-CDE-VAE,100,0.01,0.001,1,1,1,0.0005,600,0.4,Adam
0.0,0.0,0.0,E-CDE-VAE,100,0.01,0.001,1,1,1,0.0005,600,0.4,Adam
0.0,0.0,0.0,E-CDE-VAE,100,0.01,0.001,1,1,1,0.0005,600,0.4,Adam
0.0,0.0,0.013975533195734432,E-CDE-VAE,100,0.01,0.001,1,1,1,0.0005,600,0.4,Adam
0.09,0.15746031746031747,0.15958283224343595,E-CDE-VAE,100,0.01,0.001,1,1,1,0.0005,600,0.4,Adam
0.0,0.0,0.017308866529067764,E-CDE-VAE,100,0.01,0.001,1,1,1,0.0005,600,0.4,Adam
0.0,0.0,0.0,E-CDE-VAE,100,0.01,0.001,1,1,1,0.0005,600,0.4,Adam
0.0,0.0,0.0,E-CDE-VAE,100,0.01,0.001,1,1,1,0.0005,600,0.4,Adam
0.4966666666666666,0.4856349206349206,0.5105311585129695,E-CDE-VAE,100,0.01,0.001,1,1,1,0.0005,600,0.4,Adam
0.0,0.0,0.0,E-CDE-VAE,100,0.01,0.001,1,1,1,0.0005,600,0.4,Adam
0.0,0.0,0.017308866529067764,E-CDE-VAE,100,0.01,0.001,1,1,1,0.0005,600,0.4,Adam
0.0,0.0,0.0,E-CDE-VAE,100,0.01,0.001,1,1,1,0.0005,600,0.4,Adam
0.09,0.15746031746031747,0.15958283224343595,E-CDE-VAE,100,0.01,0.001,1,1,1,0.0005,600,0.4,Adam
0.0,0.0,0.0,E-CDE-VAE,100,0.01,0.001,1,1,1,0.0005,600,0.4,Adam
0.0,0.0,0.0,E-CDE-VAE,100,0.01,0.001,1,1,1,0.0005,600,0.4,Adam
0.4966666666666666,0.4856349206349206,0.5105311585129695,E-CDE-VAE,100,0.01,0.001,1,1,1,0.0005,600,0.4,Adam
0.0,0.0,0.0,E-CDE-VAE,100,0.01,0.001,1,1,1,0.0005,600,0.4,Adam
0.0,0.0,0.0,E-CDE-VAE,100,0.01,0.001,1,1,1,0.0005,600,0.4,Adam
0.0,0.0,0.0,E-CDE-VAE,100,0.01,0.001,1,1,1,0.0005,600,0.4,Adam
0.0,0.0,0.0,E-CDE-VAE,100,0.01,0.001,1,1,1,0.0005,600,0.4,Adam
0.0,0.0,0.017308866529067764,E-CDE-VAE,100,0.01,0.001,1,1,1,0.0005,600,0.4,Adam
0.0,0.0,0.0,E-CDE-VAE,100,0.01,0.001,1,1,1,0.0005,600,0.4,Adam
0.0,0.0,0.013975533195734432,E-CDE-VAE,100,0.01,0.001,1,1,1,0.0005,600,0.4,Adam
0.0,0.0,0.0,E-CDE-VAE,100,0.01,0.001,1,1,1,0.0005,600,0.4,Adam
0.0,0.0,0.0,E-CDE-VAE,100,0.01,0.001,1,1,1,0.0005,600,0.4,Adam
0.4966666666666666,0.4856349206349206,0.5105311585129695,E-CDE-VAE,100,0.01,0.001,1,1,1,0.0005,600,0.4,Adam
0.0,0.0,0.0,E-CDE-VAE,100,0.01,0.001,1,1,1,0.0005,600,0.4,Adam
0.0,0.0,0.013975533195734432,E-CDE-VAE,100,0.01,0.001,1,1,1,0.0005,600,0.4,Adam
0.0,0.0,0.0,E-CDE-VAE,100,0.01,0.001,1,1,1,0.0005,600,0.4,Adam
0.0,0.0,0.0,E-CDE-VAE,100,0.01,0.001,1,1,1,0.0005,600,0.4,Adam
0.0,0.0,0.0,E-CDE-VAE,100,0.01,0.001,1,1,1,0.0005,600,0.4,Adam
0.0,0.0,0.0,E-CDE-VAE,100,0.01,0.001,1,1,1,0.0005,600,0.4,Adam
0.09,0.15746031746031747,0.15958283224343595,E-CDE-VAE,100,0.01,0.001,1,1,1,0.0005,600,0.4,Adam
0.0,0.0,0.0,E-CDE-VAE,100,0.01,0.001,1,1,1,0.0005,600,0.4,Adam
0.09,0.15746031746031747,0.15958283224343595,E-CDE-VAE,100,0.01,0.001,1,1,1,0.0005,600,0.4,Adam
0.0,0.0,0.0,E-CDE-VAE,100,0.01,0.001,1,1,1,0.0005,600,0.4,Adam
0.0,0.0,0.0,E-CDE-VAE,100,0.01,0.001,1,1,1,0.0005,600,0.4,Adam
0.0,0.0,0.013975533195734432,E-CDE-VAE,100,0.01,0.001,1,1,1,0.0005,600,0.4,Adam
0.0,0.0,0.0,E-CDE-VAE,100,0.01,0.001,1,1,1,0.0005,600,0.4,Adam
0.0,0.0,0.0,E-CDE-VAE,100,0.01,0.001,1,1,1,0.0005,600,0.4,Adam
0.0,0.0,0.017308866529067764,E-CDE-VAE,100,0.01,0.001,1,1,1,0.0005,600,0.4,Adam
0.0,0.0,0.0,E-CDE-VAE,100,0.01,0.001,1,1,1,0.0005,600,0.4,Adam
0.0,0.0,0.0,E-CDE-VAE,100,0.01,0.001,1,1,1,0.0005,600,0.4,Adam
0.0,0.0,0.013975533195734432,E-CDE-VAE,100,0.01,0.001,1,1,1,0.0005,600,0.4,Adam
0.0,0.0,0.017308866529067764,E-CDE-VAE,100,0.01,0.001,1,1,1,0.0005,600,0.4,Adam
0.0,0.0,0.0,E-CDE-VAE,100,0.01,0.001,1,1,1,0.0005,600,0.4,Adam
0.0,0.0,0.0,E-CDE-VAE,100,0.01,0.001,1,1,1,0.0005,600,0.4,Adam
0.0,0.0,0.0,E-CDE-VAE,100,0.01,0.001,1,1,1,0.0005,600,0.4,Adam
0.0,0.0,0.013975533195734432,E-CDE-VAE,100,0.01,0.001,1,1,1,0.0005,600,0.4,Adam
0.0,0.0,0.0,E-CDE-VAE,100,0.01,0.001,1,1,1,0.0005,600,0.4,Adam
0.0,0.0,0.0,E-CDE-VAE,100,0.01,0.001,1,1,1,0.0005,600,0.4,Adam
0.0,0.0,0.0,E-CDE-VAE,100,0.01,0.001,1,1,1,0.0005,600,0.4,Adam
0.4966666666666666,0.4856349206349206,0.5105311585129695,E-CDE-VAE,100,0.01,0.001,1,1,1,0.0005,600,0.4,Adam
0.4966666666666666,0.4856349206349206,0.5105311585129695,E-CDE-VAE,100,0.01,0.001,1,1,1,0.0005,600,0.4,Adam
0.0,0.0,0.0,E-CDE-VAE,100,0.01,0.001,1,1,1,0.0005,600,0.4,Adam
0.0,0.0,0.0,E-CDE-VAE,100,0.01,0.001,1,1,1,0.0005,600,0.4,Adam
0.0,0.0,0.0,E-CDE-VAE,100,0.01,0.001,1,1,1,0.0005,600,0.4,Adam
0.0,0.0,0.0,E-CDE-VAE,100,0.01,0.001,1,1,1,0.0005,600,0.4,Adam
0.0,0.0,0.0,E-CDE-VAE,100,0.01,0.001,1,1,1,0.0005,600,0.4,Adam
0.0,0.0,0.0,E-CDE-VAE,100,0.01,0.001,1,1,1,0.0005,600,0.4,Adam
0.0,0.0,0.013975533195734432,E-CDE-VAE,100,0.01,0.001,1,1,1,0.0005,600,0.4,Adam
0.0,0.0,0.0,E-CDE-VAE,100,0.01,0.001,1,1,1,0.0005,600,0.4,Adam
0.0,0.0,0.0,E-CDE-VAE,100,0.01,0.001,1,1,1,0.0005,600,0.4,Adam
0.0,0.0,0.0,E-CDE-VAE,100,0.01,0.001,1,1,1,0.0005,600,0.4,Adam
0.0,0.0,0.0,E-CDE-VAE,100,0.01,0.001,1,1,1,0.0005,600,0.4,Adam
0.0,0.0,0.0,E-CDE-VAE,100,0.01,0.001,1,1,1,0.0005,600,0.4,Adam
0.0,0.0,0.0,E-CDE-VAE,100,0.01,0.001,1,1,1,0.0005,600,0.4,Adam
0.0,0.0,0.0,E-CDE-VAE,100,0.01,0.001,1,1,1,0.0005,600,0.4,Adam
0.0,0.0,0.0,E-CDE-VAE,100,0.01,0.001,1,1,1,0.0005,600,0.4,Adam
0.0,0.0,0.0,E-CDE-VAE,100,0.01,0.001,1,1,1,0.0005,600,0.4,Adam
0.09,0.15746031746031747,0.15958283224343595,E-CDE-VAE,100,0.01,0.001,1,1,1,0.0005,600,0.4,Adam
0.0,0.0,0.013975533195734432,E-CDE-VAE,100,0.01,0.001,1,1,1,0.0005,600,0.4,Adam
0.4966666666666666,0.4856349206349206,0.5105311585129695,E-CDE-VAE,100,0.01,0.001,1,1,1,0.0005,600,0.4,Adam
0.4966666666666666,0.4856349206349206,0.5105311585129695,E-CDE-VAE,100,0.01,0.001,1,1,1,0.0005,600,0.4,Adam
0.0,0.0,0.013975533195734432,E-CDE-VAE,100,0.01,0.001,1,1,1,0.0005,600,0.4,Adam
0.0,0.0,0.0,E-CDE-VAE,100,0.01,0.001,1,1,1,0.0005,600,0.4,Adam
0.0,0.0,0.0,E-CDE-VAE,100,0.01,0.001,1,1,1,0.0005,600,0.4,Adam
0.0,0.0,0.0,E-CDE-VAE,100,0.01,0.001,1,1,1,0.0005,600,0.4,Adam
0.0,0.0,0.0,E-CDE-VAE,100,0.01,0.001,1,1,1,0.0005,600,0.4,Adam
0.0,0.0,0.0,E-CDE-VAE,100,0.01,0.001,1,1,1,0.0005,600,0.4,Adam
0.4966666666666666,0.4856349206349206,0.5105311585129695,E-CDE-VAE,100,0.01,0.001,1,1,1,0.0005,600,0.4,Adam
0.0,0.0,0.0,E-CDE-VAE,100,0.01,0.001,1,1,1,0.0005,600,0.4,Adam
0.0,0.0,0.0,E-CDE-VAE,100,0.01,0.001,1,1,1,0.0005,600,0.4,Adam
0.0,0.0,0.017308866529067764,E-CDE-VAE,100,0.01,0.001,1,1,1,0.0005,600,0.4,Adam
0.0,0.0,0.0,E-CDE-VAE,100,0.01,0.001,1,1,1,0.0005,600,0.4,Adam
0.0,0.0,0.0,E-CDE-VAE,100,0.01,0.001,1,1,1,0.0005,600,0.4,Adam
0.4966666666666666,0.4856349206349206,0.5105311585129695,E-CDE-VAE,100,0.01,0.001,1,1,1,0.0005,600,0.4,Adam
0.0,0.0,0.013975533195734432,E-CDE-VAE,100,0.01,0.001,1,1,1,0.0005,600,0.4,Adam
0.0,0.0,0.0,E-CDE-VAE,100,0.01,0.001,1,1,1,0.0005,600,0.4,Adam
0.0,0.0,0.013975533195734432,E-CDE-VAE,100,0.01,0.001,1,1,1,0.0005,600,0.4,Adam
0.0,0.0,0.0,E-CDE-VAE,100,0.01,0.001,1,1,1,0.0005,600,0.4,Adam
0.0,0.0,0.0,E-CDE-VAE,100,0.01,0.001,1,1,1,0.0005,600,0.4,Adam
0.0,0.0,0.0,E-CDE-VAE,100,0.01,0.001,1,1,1,0.0005,600,0.4,Adam
0.0,0.0,0.0,E-CDE-VAE,100,0.01,0.001,1,1,1,0.0005,600,0.4,Adam
0.0,0.0,0.013975533195734432,E-CDE-VAE,100,0.01,0.001,1,1,1,0.0005,600,0.4,Adam
0.0,0.0,0.0,E-CDE-VAE,100,0.01,0.001,1,1,1,0.0005,600,0.4,Adam
0.0,0.0,0.0,E-CDE-VAE,100,0.01,0.001,1,1,1,0.0005,600,0.4,Adam
0.0,0.0,0.0,E-CDE-VAE,100,0.01,0.001,1,1,1,0.0005,600,0.4,Adam
0.0,0.0,0.0,E-CDE-VAE,100,0.01,0.001,1,1,1,0.0005,600,0.4,Adam
0.0,0.0,0.0,E-CDE-VAE,100,0.01,0.001,1,1,1,0.0005,600,0.4,Adam
0.0,0.0,0.0,E-CDE-VAE,100,0.01,0.001,1,1,1,0.0005,600,0.4,Adam
0.4966666666666666,0.4856349206349206,0.5105311585129695,E-CDE-VAE,100,0.01,0.001,1,1,1,0.0005,600,0.4,Adam
0.0,0.0,0.013975533195734432,E-CDE-VAE,100,0.01,0.001,1,1,1,0.0005,600,0.4,Adam
0.0,0.0,0.0,E-CDE-VAE,100,0.01,0.001,1,1,1,0.0005,600,0.4,Adam
0.0,0.0,0.0,E-CDE-VAE,100,0.01,0.001,1,1,1,0.0005,600,0.4,Adam
0.0,0.0,0.0,E-CDE-VAE,100,0.01,0.001,1,1,1,0.0005,600,0.4,Adam
0.0,0.0,0.017308866529067764,E-CDE-VAE,100,0.01,0.001,1,1,1,0.0005,600,0.4,Adam
0.0,0.0,0.0,E-CDE-VAE,100,0.01,0.001,1,1,1,0.0005,600,0.4,Adam
0.09,0.15746031746031747,0.15958283224343595,E-CDE-VAE,100,0.01,0.001,1,1,1,0.0005,600,0.4,Adam
0.0,0.0,0.0,E-CDE-VAE,100,0.01,0.001,1,1,1,0.0005,600,0.4,Adam
0.0,0.0,0.0,E-CDE-VAE,100,0.01,0.001,1,1,1,0.0005,600,0.4,Adam
0.0,0.0,0.0,E-CDE-VAE,100,0.01,0.001,1,1,1,0.0005,600,0.4,Adam
0.0,0.0,0.0,E-CDE-VAE,100,0.01,0.001,1,1,1,0.0005,600,0.4,Adam
0.0,0.0,0.017308866529067764,E-CDE-VAE,100,0.01,0.001,1,1,1,0.0005,600,0.4,Adam
0.0,0.0,0.017308866529067764,E-CDE-VAE,100,0.01,0.001,1,1,1,0.0005,600,0.4,Adam
0.0,0.0,0.0,E-CDE-VAE,100,0.01,0.001,1,1,1,0.0005,600,0.4,Adam
0.0,0.0,0.0,E-CDE-VAE,100,0.01,0.001,1,1,1,0.0005,600,0.4,Adam
0.0,0.0,0.0,E-CDE-VAE,100,0.01,0.001,1,1,1,0.0005,600,0.4,Adam
0.4966666666666666,0.4856349206349206,0.5105311585129695,E-CDE-VAE,100,0.01,0.001,1,1,1,0.0005,600,0.4,Adam
0.0,0.0,0.0,E-CDE-VAE,100,0.01,0.001,1,1,1,0.0005,600,0.4,Adam
0.09,0.15746031746031747,0.15958283224343595,E-CDE-VAE,100,0.01,0.001,1,1,1,0.0005,600,0.4,Adam
0.0,0.0,0.0,E-CDE-VAE,100,0.01,0.001,1,1,1,0.0005,600,0.4,Adam
0.0,0.0,0.0,E-CDE-VAE,100,0.01,0.001,1,1,1,0.0005,600,0.4,Adam
0.0,0.0,0.0,E-CDE-VAE,100,0.01,0.001,1,1,1,0.0005,600,0.4,Adam
0.0,0.0,0.0,E-CDE-VAE,100,0.01,0.001,1,1,1,0.0005,600,0.4,Adam
0.0,0.0,0.017308866529067764,E-CDE-VAE,100,0.01,0.001,1,1,1,0.0005,600,0.4,Adam
0.0,0.0,0.0,E-CDE-VAE,100,0.01,0.001,1,1,1,0.0005,600,0.4,Adam
0.0,0.0,0.013975533195734432,E-CDE-VAE,100,0.01,0.001,1,1,1,0.0005,600,0.4,Adam
0.09,0.15746031746031747,0.15958283224343595,E-CDE-VAE,100,0.01,0.001,1,1,1,0.0005,600,0.4,Adam
0.0,0.0,0.0,E-CDE-VAE,100,0.01,0.001,1,1,1,0.0005,600,0.4,Adam
0.0,0.0,0.0,E-CDE-VAE,100,0.01,0.001,1,1,1,0.0005,600,0.4,Adam
0.0,0.0,0.0,E-CDE-VAE,100,0.01,0.001,1,1,1,0.0005,600,0.4,Adam
0.0,0.0,0.0,E-CDE-VAE,100,0.01,0.001,1,1,1,0.0005,600,0.4,Adam
0.0,0.0,0.017308866529067764,E-CDE-VAE,100,0.01,0.001,1,1,1,0.0005,600,0.4,Adam
0.0,0.0,0.0,E-CDE-VAE,100,0.01,0.001,1,1,1,0.0005,600,0.4,Adam
0.0,0.0,0.0,E-CDE-VAE,100,0.01,0.001,1,1,1,0.0005,600,0.4,Adam
0.0,0.0,0.013975533195734432,E-CDE-VAE,100,0.01,0.001,1,1,1,0.0005,600,0.4,Adam
0.09,0.15746031746031747,0.15958283224343595,E-CDE-VAE,100,0.01,0.001,1,1,1,0.0005,600,0.4,Adam
0.0,0.0,0.0,E-CDE-VAE,100,0.01,0.001,1,1,1,0.0005,600,0.4,Adam
0.0,0.0,0.0,E-CDE-VAE,100,0.01,0.001,1,1,1,0.0005,600,0.4,Adam
0.0,0.0,0.013975533195734432,E-CDE-VAE,100,0.01,0.001,1,1,1,0.0005,600,0.4,Adam
0.0,0.0,0.0,E-CDE-VAE,100,0.01,0.001,1,1,1,0.0005,600,0.4,Adam
0.0,0.0,0.0,E-CDE-VAE,100,0.01,0.001,1,1,1,0.0005,600,0.4,Adam
0.0,0.0,0.0,E-CDE-VAE,100,0.01,0.001,1,1,1,0.0005,600,0.4,Adam
0.0,0.0,0.017308866529067764,E-CDE-VAE,100,0.01,0.001,1,1,1,0.0005,600,0.4,Adam
0.0,0.0,0.0,E-CDE-VAE,100,0.01,0.001,1,1,1,0.0005,600,0.4,Adam
0.4966666666666666,0.4856349206349206,0.5105311585129695,E-CDE-VAE,100,0.01,0.001,1,1,1,0.0005,600,0.4,Adam
0.0,0.0,0.0,E-CDE-VAE,100,0.01,0.001,1,1,1,0.0005,600,0.4,Adam
0.0,0.0,0.0,E-CDE-VAE,100,0.01,0.001,1,1,1,0.0005,600,0.4,Adam
0.4966666666666666,0.4856349206349206,0.5105311585129695,E-CDE-VAE,100,0.01,0.001,1,1,1,0.0005,600,0.4,Adam
0.0,0.0,0.0,E-CDE-VAE,100,0.01,0.001,1,1,1,0.0005,600,0.4,Adam
0.0,0.0,0.0,E-CDE-VAE,100,0.01,0.001,1,1,1,0.0005,600,0.4,Adam
0.4966666666666666,0.4856349206349206,0.5105311585129695,E-CDE-VAE,100,0.01,0.001,1,1,1,0.0005,600,0.4,Adam
0.0,0.0,0.0,E-CDE-VAE,100,0.01,0.001,1,1,1,0.0005,600,0.4,Adam
0.0,0.0,0.0,E-CDE-VAE,100,0.01,0.001,1,1,1,0.0005,600,0.4,Adam
0.0,0.0,0.0,E-CDE-VAE,100,0.01,0.001,1,1,1,0.0005,600,0.4,Adam
0.0,0.0,0.017308866529067764,E-CDE-VAE,100,0.01,0.001,1,1,1,0.0005,600,0.4,Adam
0.4966666666666666,0.4856349206349206,0.5105311585129695,E-CDE-VAE,100,0.01,0.001,1,1,1,0.0005,600,0.4,Adam
0.0,0.0,0.013975533195734432,E-CDE-VAE,100,0.01,0.001,1,1,1,0.0005,600,0.4,Adam
0.09,0.15746031746031747,0.15958283224343595,E-CDE-VAE,100,0.01,0.001,1,1,1,0.0005,600,0.4,Adam
0.0,0.0,0.0,E-CDE-VAE,100,0.01,0.001,1,1,1,0.0005,600,0.4,Adam
0.09,0.15746031746031747,0.15958283224343595,E-CDE-VAE,100,0.01,0.001,1,1,1,0.0005,600,0.4,Adam
0.0,0.0,0.0,E-CDE-VAE,100,0.01,0.001,1,1,1,0.0005,600,0.4,Adam
0.0,0.0,0.0,E-CDE-VAE,100,0.01,0.001,1,1,1,0.0005,600,0.4,Adam
0.0,0.0,0.0,E-CDE-VAE,100,0.01,0.001,1,1,1,0.0005,600,0.4,Adam
0.0,0.0,0.017308866529067764,E-CDE-VAE,100,0.01,0.001,1,1,1,0.0005,600,0.4,Adam
0.09,0.15746031746031747,0.15958283224343595,E-CDE-VAE,100,0.01,0.001,1,1,1,0.0005,600,0.4,Adam
0.0,0.0,0.0,E-CDE-VAE,100,0.01,0.001,1,1,1,0.0005,600,0.4,Adam
0.0,0.0,0.0,E-CDE-VAE,100,0.01,0.001,1,1,1,0.0005,600,0.4,Adam
0.0,0.0,0.017308866529067764,E-CDE-VAE,100,0.01,0.001,1,1,1,0.0005,600,0.4,Adam
0.0,0.0,0.0,E-CDE-VAE,100,0.01,0.001,1,1,1,0.0005,600,0.4,Adam
0.0,0.0,0.0,E-CDE-VAE,100,0.01,0.001,1,1,1,0.0005,600,0.4,Adam
0.0,0.0,0.0,E-CDE-VAE,100,0.01,0.001,1,1,1,0.0005,600,0.4,Adam
0.0,0.0,0.0,E-CDE-VAE,100,0.01,0.001,1,1,1,0.0005,600,0.4,Adam
0.0,0.0,0.0,E-CDE-VAE,100,0.01,0.001,1,1,1,0.0005,600,0.4,Adam
0.0,0.0,0.0,E-CDE-VAE,100,0.01,0.001,1,1,1,0.0005,600,0.4,Adam
0.0,0.0,0.0,E-CDE-VAE,100,0.01,0.001,1,1,1,0.0005,600,0.4,Adam
0.0,0.0,0.013975533195734432,E-CDE-VAE,100,0.01,0.001,1,1,1,0.0005,600,0.4,Adam
0.0,0.0,0.013975533195734432,E-CDE-VAE,100,0.01,0.001,1,1,1,0.0005,600,0.4,Adam
0.0,0.0,0.0,E-CDE-VAE,100,0.01,0.001,1,1,1,0.0005,600,0.4,Adam
0.0,0.0,0.017308866529067764,E-CDE-VAE,100,0.01,0.001,1,1,1,0.0005,600,0.4,Adam
0.09,0.15746031746031747,0.15958283224343595,E-CDE-VAE,100,0.01,0.001,1,1,1,0.0005,600,0.4,Adam
0.0,0.0,0.0,E-CDE-VAE,100,0.01,0.001,1,1,1,0.0005,600,0.4,Adam
0.4966666666666666,0.4856349206349206,0.5105311585129695,E-CDE-VAE,100,0.01,0.001,1,1,1,0.0005,600,0.4,Adam
0.0,0.0,0.0,E-CDE-VAE,100,0.01,0.001,1,1,1,0.0005,600,0.4,Adam
0.0,0.0,0.0,E-CDE-VAE,100,0.01,0.001,1,1,1,0.0005,600,0.4,Adam
0.0,0.0,0.017308866529067764,E-CDE-VAE,100,0.01,0.001,1,1,1,0.0005,600,0.4,Adam
0.4966666666666666,0.4856349206349206,0.5105311585129695,E-CDE-VAE,100,0.01,0.001,1,1,1,0.0005,600,0.4,Adam
0.0,0.0,0.013975533195734432,E-CDE-VAE,100,0.01,0.001,1,1,1,0.0005,600,0.4,Adam
0.09,0.15746031746031747,0.15958283224343595,E-CDE-VAE,100,0.01,0.001,1,1,1,0.0005,600,0.4,Adam
0.0,0.0,0.017308866529067764,E-CDE-VAE,100,0.01,0.001,1,1,1,0.0005,600,0.4,Adam
0.0,0.0,0.0,E-CDE-VAE,100,0.01,0.001,1,1,1,0.0005,600,0.4,Adam
0.4966666666666666,0.4856349206349206,0.5105311585129695,E-CDE-VAE,100,0.01,0.001,1,1,1,0.0005,600,0.4,Adam
0.0,0.0,0.0,E-CDE-VAE,100,0.01,0.001,1,1,1,0.0005,600,0.4,Adam
0.0,0.0,0.017308866529067764,E-CDE-VAE,100,0.01,0.001,1,1,1,0.0005,600,0.4,Adam
0.0,0.0,0.0,E-CDE-VAE,100,0.01,0.001,1,1,1,0.0005,600,0.4,Adam
0.0,0.0,0.017308866529067764,E-CDE-VAE,100,0.01,0.001,1,1,1,0.0005,600,0.4,Adam
0.0,0.0,0.0,E-CDE-VAE,100,0.01,0.001,1,1,1,0.0005,600,0.4,Adam
0.0,0.0,0.0,E-CDE-VAE,100,0.01,0.001,1,1,1,0.0005,600,0.4,Adam
0.0,0.0,0.0,E-CDE-VAE,100,0.01,0.001,1,1,1,0.0005,600,0.4,Adam
0.0,0.0,0.0,E-CDE-VAE,100,0.01,0.001,1,1,1,0.0005,600,0.4,Adam
0.0,0.0,0.0,E-CDE-VAE,100,0.01,0.001,1,1,1,0.0005,600,0.4,Adam
0.0,0.0,0.0,E-CDE-VAE,100,0.01,0.001,1,1,1,0.0005,600,0.4,Adam
0.09,0.15746031746031747,0.15958283224343595,E-CDE-VAE,100,0.01,0.001,1,1,1,0.0005,600,0.4,Adam
0.0,0.0,0.0,E-CDE-VAE,100,0.01,0.001,1,1,1,0.0005,600,0.4,Adam
0.0,0.0,0.0,E-CDE-VAE,100,0.01,0.001,1,1,1,0.0005,600,0.4,Adam
0.0,0.0,0.0,E-CDE-VAE,100,0.01,0.001,1,1,1,0.0005,600,0.4,Adam
0.0,0.0,0.0,E-CDE-VAE,100,0.01,0.001,1,1,1,0.0005,600,0.4,Adam
0.0,0.0,0.017308866529067764,E-CDE-VAE,100,0.01,0.001,1,1,1,0.0005,600,0.4,Adam
0.0,0.0,0.0,E-CDE-VAE,100,0.01,0.001,1,1,1,0.0005,600,0.4,Adam
0.4966666666666666,0.4856349206349206,0.5105311585129695,E-CDE-VAE,100,0.01,0.001,1,1,1,0.0005,600,0.4,Adam
0.0,0.0,0.013975533195734432,E-CDE-VAE,100,0.01,0.001,1,1,1,0.0005,600,0.4,Adam
0.0,0.0,0.0,E-CDE-VAE,100,0.01,0.001,1,1,1,0.0005,600,0.4,Adam
0.0,0.0,0.0,E-CDE-VAE,100,0.01,0.001,1,1,1,0.0005,600,0.4,Adam
0.0,0.0,0.0,E-CDE-VAE,100,0.01,0.001,1,1,1,0.0005,600,0.4,Adam
0.0,0.0,0.0,E-CDE-VAE,100,0.01,0.001,1,1,1,0.0005,600,0.4,Adam
0.4966666666666666,0.4856349206349206,0.5105311585129695,E-CDE-VAE,100,0.01,0.001,1,1,1,0.0005,600,0.4,Adam
0.0,0.0,0.0,E-CDE-VAE,100,0.01,0.001,1,1,1,0.0005,600,0.4,Adam
0.4966666666666666,0.4856349206349206,0.5105311585129695,E-CDE-VAE,100,0.01,0.001,1,1,1,0.0005,600,0.4,Adam
0.09,0.15746031746031747,0.15958283224343595,E-CDE-VAE,100,0.01,0.001,1,1,1,0.0005,600,0.4,Adam
0.0,0.0,0.0,E-CDE-VAE,100,0.01,0.001,1,1,1,0.0005,600,0.4,Adam
0.0,0.0,0.0,E-CDE-VAE,100,0.01,0.001,1,1,1,0.0005,600,0.4,Adam
0.0,0.0,0.0,E-CDE-VAE,100,0.01,0.001,1,1,1,0.0005,600,0.4,Adam
0.0,0.0,0.017308866529067764,E-CDE-VAE,100,0.01,0.001,1,1,1,0.0005,600,0.4,Adam
0.0,0.0,0.0,E-CDE-VAE,100,0.01,0.001,1,1,1,0.0005,600,0.4,Adam
0.0,0.0,0.0,E-CDE-VAE,100,0.01,0.001,1,1,1,0.0005,600,0.4,Adam
0.0,0.0,0.0,E-CDE-VAE,100,0.01,0.001,1,1,1,0.0005,600,0.4,Adam
0.0,0.0,0.0,E-CDE-VAE,100,0.01,0.001,1,1,1,0.0005,600,0.4,Adam
0.4966666666666666,0.4856349206349206,0.5105311585129695,E-CDE-VAE,100,0.01,0.001,1,1,1,0.0005,600,0.4,Adam
0.09,0.15746031746031747,0.15958283224343595,E-CDE-VAE,100,0.01,0.001,1,1,1,0.0005,600,0.4,Adam
0.0,0.0,0.0,E-CDE-VAE,100,0.01,0.001,1,1,1,0.0005,600,0.4,Adam
0.09,0.15746031746031747,0.15958283224343595,E-CDE-VAE,100,0.01,0.001,1,1,1,0.0005,600,0.4,Adam
0.0,0.0,0.0,E-CDE-VAE,100,0.01,0.001,1,1,1,0.0005,600,0.4,Adam
0.0,0.0,0.0,E-CDE-VAE,100,0.01,0.001,1,1,1,0.0005,600,0.4,Adam
0.0,0.0,0.0,E-CDE-VAE,100,0.01,0.001,1,1,1,0.0005,600,0.4,Adam
0.0,0.0,0.0,E-CDE-VAE,100,0.01,0.001,1,1,1,0.0005,600,0.4,Adam
0.0,0.0,0.013975533195734432,E-CDE-VAE,100,0.01,0.001,1,1,1,0.0005,600,0.4,Adam
0.0,0.0,0.0,E-CDE-VAE,100,0.01,0.001,1,1,1,0.0005,600,0.4,Adam
0.0,0.0,0.0,E-CDE-VAE,100,0.01,0.001,1,1,1,0.0005,600,0.4,Adam
0.0,0.0,0.013975533195734432,E-CDE-VAE,100,0.01,0.001,1,1,1,0.0005,600,0.4,Adam
0.09,0.15746031746031747,0.15958283224343595,E-CDE-VAE,100,0.01,0.001,1,1,1,0.0005,600,0.4,Adam
0.4966666666666666,0.4856349206349206,0.5105311585129695,E-CDE-VAE,100,0.01,0.001,1,1,1,0.0005,600,0.4,Adam
0.0,0.0,0.0,E-CDE-VAE,100,0.01,0.001,1,1,1,0.0005,600,0.4,Adam
0.0,0.0,0.013975533195734432,E-CDE-VAE,100,0.01,0.001,1,1,1,0.0005,600,0.4,Adam
0.0,0.0,0.0,E-CDE-VAE,100,0.01,0.001,1,1,1,0.0005,600,0.4,Adam
0.0,0.0,0.013975533195734432,E-CDE-VAE,100,0.01,0.001,1,1,1,0.0005,600,0.4,Adam
0.0,0.0,0.0,E-CDE-VAE,100,0.01,0.001,1,1,1,0.0005,600,0.4,Adam
0.0,0.0,0.0,E-CDE-VAE,100,0.01,0.001,1,1,1,0.0005,600,0.4,Adam
0.4966666666666666,0.4856349206349206,0.5105311585129695,E-CDE-VAE,100,0.01,0.001,1,1,1,0.0005,600,0.4,Adam
0.0,0.0,0.0,E-CDE-VAE,100,0.01,0.001,1,1,1,0.0005,600,0.4,Adam
0.0,0.0,0.0,E-CDE-VAE,100,0.01,0.001,1,1,1,0.0005,600,0.4,Adam
0.0,0.0,0.0,E-CDE-VAE,100,0.01,0.001,1,1,1,0.0005,600,0.4,Adam
0.0,0.0,0.0,E-CDE-VAE,100,0.01,0.001,1,1,1,0.0005,600,0.4,Adam
0.0,0.0,0.0,E-CDE-VAE,100,0.01,0.001,1,1,1,0.0005,600,0.4,Adam
0.0,0.0,0.0,E-CDE-VAE,100,0.01,0.001,1,1,1,0.0005,600,0.4,Adam
0.0,0.0,0.013975533195734432,E-CDE-VAE,100,0.01,0.001,1,1,1,0.0005,600,0.4,Adam
0.0,0.0,0.0,E-CDE-VAE,100,0.01,0.001,1,1,1,0.0005,600,0.4,Adam
0.0,0.0,0.017308866529067764,E-CDE-VAE,100,0.01,0.001,1,1,1,0.0005,600,0.4,Adam
0.0,0.0,0.0,E-CDE-VAE,100,0.01,0.001,1,1,1,0.0005,600,0.4,Adam
0.0,0.0,0.0,E-CDE-VAE,100,0.01,0.001,1,1,1,0.0005,600,0.4,Adam
0.09,0.15746031746031747,0.15958283224343595,E-CDE-VAE,100,0.01,0.001,1,1,1,0.0005,600,0.4,Adam
0.0,0.0,0.0,E-CDE-VAE,100,0.01,0.001,1,1,1,0.0005,600,0.4,Adam
0.0,0.0,0.0,E-CDE-VAE,100,0.01,0.001,1,1,1,0.0005,600,0.4,Adam
0.4966666666666666,0.4856349206349206,0.5105311585129695,E-CDE-VAE,100,0.01,0.001,1,1,1,0.0005,600,0.4,Adam
0.0,0.0,0.013975533195734432,E-CDE-VAE,100,0.01,0.001,1,1,1,0.0005,600,0.4,Adam
0.0,0.0,0.0,E-CDE-VAE,100,0.01,0.001,1,1,1,0.0005,600,0.4,Adam
0.0,0.0,0.017308866529067764,E-CDE-VAE,100,0.01,0.001,1,1,1,0.0005,600,0.4,Adam
0.0,0.0,0.0,E-CDE-VAE,100,0.01,0.001,1,1,1,0.0005,600,0.4,Adam
0.0,0.0,0.017308866529067764,E-CDE-VAE,100,0.01,0.001,1,1,1,0.0005,600,0.4,Adam
0.0,0.0,0.0,E-CDE-VAE,100,0.01,0.001,1,1,1,0.0005,600,0.4,Adam
0.0,0.0,0.0,E-CDE-VAE,100,0.01,0.001,1,1,1,0.0005,600,0.4,Adam
0.4966666666666666,0.4856349206349206,0.5105311585129695,E-CDE-VAE,100,0.01,0.001,1,1,1,0.0005,600,0.4,Adam
0.4966666666666666,0.4856349206349206,0.5105311585129695,E-CDE-VAE,100,0.01,0.001,1,1,1,0.0005,600,0.4,Adam
0.0,0.0,0.0,E-CDE-VAE,100,0.01,0.001,1,1,1,0.0005,600,0.4,Adam
0.0,0.0,0.013975533195734432,E-CDE-VAE,100,0.01,0.001,1,1,1,0.0005,600,0.4,Adam
0.0,0.0,0.0,E-CDE-VAE,100,0.01,0.001,1,1,1,0.0005,600,0.4,Adam
0.0,0.0,0.0,E-CDE-VAE,100,0.01,0.001,1,1,1,0.0005,600,0.4,Adam
0.0,0.0,0.0,E-CDE-VAE,100,0.01,0.001,1,1,1,0.0005,600,0.4,Adam
0.0,0.0,0.0,E-CDE-VAE,100,0.01,0.001,1,1,1,0.0005,600,0.4,Adam
0.0,0.0,0.0,E-CDE-VAE,100,0.01,0.001,1,1,1,0.0005,600,0.4,Adam
0.0,0.0,0.013975533195734432,E-CDE-VAE,100,0.01,0.001,1,1,1,0.0005,600,0.4,Adam
0.0,0.0,0.0,E-CDE-VAE,100,0.01,0.001,1,1,1,0.0005,600,0.4,Adam
0.0,0.0,0.0,E-CDE-VAE,100,0.01,0.001,1,1,1,0.0005,600,0.4,Adam
0.0,0.0,0.0,E-CDE-VAE,100,0.01,0.001,1,1,1,0.0005,600,0.4,Adam
0.0,0.0,0.017308866529067764,E-CDE-VAE,100,0.01,0.001,1,1,1,0.0005,600,0.4,Adam
0.0,0.0,0.0,E-CDE-VAE,100,0.01,0.001,1,1,1,0.0005,600,0.4,Adam
0.0,0.0,0.0,E-CDE-VAE,100,0.01,0.001,1,1,1,0.0005,600,0.4,Adam
0.0,0.0,0.0,E-CDE-VAE,100,0.01,0.001,1,1,1,0.0005,600,0.4,Adam
0.4966666666666666,0.4856349206349206,0.5105311585129695,E-CDE-VAE,100,0.01,0.001,1,1,1,0.0005,600,0.4,Adam
0.0,0.0,0.0,E-CDE-VAE,100,0.01,0.001,1,1,1,0.0005,600,0.4,Adam
0.09,0.15746031746031747,0.15958283224343595,E-CDE-VAE,100,0.01,0.001,1,1,1,0.0005,600,0.4,Adam
0.0,0.0,0.017308866529067764,E-CDE-VAE,100,0.01,0.001,1,1,1,0.0005,600,0.4,Adam
0.0,0.0,0.0,E-CDE-VAE,100,0.01,0.001,1,1,1,0.0005,600,0.4,Adam
0.0,0.0,0.0,E-CDE-VAE,100,0.01,0.001,1,1,1,0.0005,600,0.4,Adam
0.0,0.0,0.0,E-CDE-VAE,100,0.01,0.001,1,1,1,0.0005,600,0.4,Adam
0.0,0.0,0.0,E-CDE-VAE,100,0.01,0.001,1,1,1,0.0005,600,0.4,Adam
0.0,0.0,0.0,E-CDE-VAE,100,0.01,0.001,1,1,1,0.0005,600,0.4,Adam
0.0,0.0,0.017308866529067764,E-CDE-VAE,100,0.01,0.001,1,1,1,0.0005,600,0.4,Adam
0.0,0.0,0.0,E-CDE-VAE,100,0.01,0.001,1,1,1,0.0005,600,0.4,Adam
0.0,0.0,0.0,E-CDE-VAE,100,0.01,0.001,1,1,1,0.0005,600,0.4,Adam
0.0,0.0,0.0,E-CDE-VAE,100,0.01,0.001,1,1,1,0.0005,600,0.4,Adam
0.0,0.0,0.0,E-CDE-VAE,100,0.01,0.001,1,1,1,0.0005,600,0.4,Adam
0.0,0.0,0.0,E-CDE-VAE,100,0.01,0.001,1,1,1,0.0005,600,0.4,Adam
0.0,0.0,0.017308866529067764,E-CDE-VAE,100,0.01,0.001,1,1,1,0.0005,600,0.4,Adam
0.09,0.15746031746031747,0.15958283224343595,E-CDE-VAE,100,0.01,0.001,1,1,1,0.0005,600,0.4,Adam
0.0,0.0,0.0,E-CDE-VAE,100,0.01,0.001,1,1,1,0.0005,600,0.4,Adam
0.4966666666666666,0.4856349206349206,0.5105311585129695,E-CDE-VAE,100,0.01,0.001,1,1,1,0.0005,600,0.4,Adam
0.4966666666666666,0.4856349206349206,0.5105311585129695,E-CDE-VAE,100,0.01,0.001,1,1,1,0.0005,600,0.4,Adam
0.0,0.0,0.013975533195734432,E-CDE-VAE,100,0.01,0.001,1,1,1,0.0005,600,0.4,Adam
0.09,0.15746031746031747,0.15958283224343595,E-CDE-VAE,100,0.01,0.001,1,1,1,0.0005,600,0.4,Adam
0.0,0.0,0.0,E-CDE-VAE,100,0.01,0.001,1,1,1,0.0005,600,0.4,Adam
0.0,0.0,0.0,E-CDE-VAE,100,0.01,0.001,1,1,1,0.0005,600,0.4,Adam
0.0,0.0,0.0,E-CDE-VAE,100,0.01,0.001,1,1,1,0.0005,600,0.4,Adam
0.0,0.0,0.0,E-CDE-VAE,100,0.01,0.001,1,1,1,0.0005,600,0.4,Adam
0.0,0.0,0.0,E-CDE-VAE,100,0.01,0.001,1,1,1,0.0005,600,0.4,Adam
0.09,0.15746031746031747,0.15958283224343595,E-CDE-VAE,100,0.01,0.001,1,1,1,0.0005,600,0.4,Adam
0.0,0.0,0.0,E-CDE-VAE,100,0.01,0.001,1,1,1,0.0005,600,0.4,Adam
0.4966666666666666,0.4856349206349206,0.5105311585129695,E-CDE-VAE,100,0.01,0.001,1,1,1,0.0005,600,0.4,Adam
0.0,0.0,0.0,E-CDE-VAE,100,0.01,0.001,1,1,1,0.0005,600,0.4,Adam
0.09,0.15746031746031747,0.15958283224343595,E-CDE-VAE,100,0.01,0.001,1,1,1,0.0005,600,0.4,Adam
0.0,0.0,0.0,E-CDE-VAE,100,0.01,0.001,1,1,1,0.0005,600,0.4,Adam
0.0,0.0,0.0,E-CDE-VAE,100,0.01,0.001,1,1,1,0.0005,600,0.4,Adam
0.0,0.0,0.013975533195734432,E-CDE-VAE,100,0.01,0.001,1,1,1,0.0005,600,0.4,Adam
0.0,0.0,0.0,E-CDE-VAE,100,0.01,0.001,1,1,1,0.0005,600,0.4,Adam
0.0,0.0,0.0,E-CDE-VAE,100,0.01,0.001,1,1,1,0.0005,600,0.4,Adam
0.09,0.15746031746031747,0.15958283224343595,E-CDE-VAE,100,0.01,0.001,1,1,1,0.0005,600,0.4,Adam
0.0,0.0,0.0,E-CDE-VAE,100,0.01,0.001,1,1,1,0.0005,600,0.4,Adam
0.0,0.0,0.0,E-CDE-VAE,100,0.01,0.001,1,1,1,0.0005,600,0.4,Adam
0.0,0.0,0.017308866529067764,E-CDE-VAE,100,0.01,0.001,1,1,1,0.0005,600,0.4,Adam
0.0,0.0,0.0,E-CDE-VAE,100,0.01,0.001,1,1,1,0.0005,600,0.4,Adam
0.0,0.0,0.0,E-CDE-VAE,100,0.01,0.001,1,1,1,0.0005,600,0.4,Adam
0.0,0.0,0.0,E-CDE-VAE,100,0.01,0.001,1,1,1,0.0005,600,0.4,Adam
0.0,0.0,0.0,E-CDE-VAE,100,0.01,0.001,1,1,1,0.0005,600,0.4,Adam
0.0,0.0,0.017308866529067764,E-CDE-VAE,100,0.01,0.001,1,1,1,0.0005,600,0.4,Adam
0.0,0.0,0.017308866529067764,E-CDE-VAE,100,0.01,0.001,1,1,1,0.0005,600,0.4,Adam
0.0,0.0,0.017308866529067764,E-CDE-VAE,100,0.01,0.001,1,1,1,0.0005,600,0.4,Adam
0.09,0.15746031746031747,0.15958283224343595,E-CDE-VAE,100,0.01,0.001,1,1,1,0.0005,600,0.4,Adam
0.0,0.0,0.013975533195734432,E-CDE-VAE,100,0.01,0.001,1,1,1,0.0005,600,0.4,Adam
0.0,0.0,0.0,E-CDE-VAE,100,0.01,0.001,1,1,1,0.0005,600,0.4,Adam
0.0,0.0,0.013975533195734432,E-CDE-VAE,100,0.01,0.001,1,1,1,0.0005,600,0.4,Adam
0.0,0.0,0.0,E-CDE-VAE,100,0.01,0.001,1,1,1,0.0005,600,0.4,Adam
0.0,0.0,0.0,E-CDE-VAE,100,0.01,0.001,1,1,1,0.0005,600,0.4,Adam
0.0,0.0,0.0,E-CDE-VAE,100,0.01,0.001,1,1,1,0.0005,600,0.4,Adam
0.0,0.0,0.013975533195734432,E-CDE-VAE,100,0.01,0.001,1,1,1,0.0005,600,0.4,Adam
0.0,0.0,0.0,E-CDE-VAE,100,0.01,0.001,1,1,1,0.0005,600,0.4,Adam
0.0,0.0,0.0,E-CDE-VAE,100,0.01,0.001,1,1,1,0.0005,600,0.4,Adam
0.4966666666666666,0.4856349206349206,0.5105311585129695,E-CDE-VAE,100,0.01,0.001,1,1,1,0.0005,600,0.4,Adam
0.0,0.0,0.0,E-CDE-VAE,100,0.01,0.001,1,1,1,0.0005,600,0.4,Adam
0.09,0.15746031746031747,0.15958283224343595,E-CDE-VAE,100,0.01,0.001,1,1,1,0.0005,600,0.4,Adam
0.7033333333333334,0.600079365079365,0.5572733286665176,E-CDE-VAE,100,0.1,0.001,1,1,1,0.0005,600,0.4,Adam
0.6533333333333333,0.5203571428571429,0.4096056207724164,E-CDE-VAE,100,0.1,0.001,1,1,1,0.0005,600,0.4,Adam
0.8433333333333334,0.8471031746031746,0.7494697330533244,E-CDE-VAE,100,0.1,0.001,1,1,1,0.0005,600,0.4,Adam
0.0,0.0690079365079365,0.15115451928532425,E-CDE-VAE,100,0.1,0.001,1,1,1,0.0005,600,0.4,Adam
0.9099999999999999,0.7568650793650793,0.6327831426399537,E-CDE-VAE,100,0.1,0.001,1,1,1,0.0005,600,0.4,Adam
0.04,0.12817460317460316,0.21088251789490178,E-CDE-VAE,100,0.1,0.001,1,1,1,0.0005,600,0.4,Adam
0.5466666666666666,0.40246031746031746,0.31471863791523236,E-CDE-VAE,100,0.1,0.001,1,1,1,0.0005,600,0.4,Adam
1.0,1.0,0.9410427227571189,E-CDE-VAE,100,0.1,0.001,1,1,1,0.0005,600,0.4,Adam
0.3466666666666667,0.3603571428571429,0.34737142222242845,E-CDE-VAE,100,0.1,0.001,1,1,1,0.0005,600,0.4,Adam
1.0,1.0,0.9682691717037691,E-CDE-VAE,100,0.1,0.001,1,1,1,0.0005,600,0.4,Adam
0.7033333333333334,0.6789285714285713,0.6312101454187367,E-CDE-VAE,100,0.1,0.001,1,1,1,0.0005,600,0.4,Adam
0.13,0.2686904761904762,0.3436730218096318,E-CDE-VAE,100,0.1,0.001,1,1,1,0.0005,600,0.4,Adam
0.7433333333333334,0.8071031746031746,0.8561374839470813,E-CDE-VAE,100,0.1,0.001,1,1,1,0.0005,600,0.4,Adam
0.0,0.0,0.0,E-CDE-VAE,100,0.1,0.001,1,1,1,0.0005,600,0.4,Adam
0.0,0.0690079365079365,0.1800848637516594,E-CDE-VAE,100,0.1,0.001,1,1,1,0.0005,600,0.4,Adam
0.0,0.03361111111111111,0.0816372413276438,E-CDE-VAE,100,0.1,0.001,1,1,1,0.0005,600,0.4,Adam
0.24666666666666667,0.2624603174603174,0.2562723181531231,E-CDE-VAE,100,0.1,0.001,1,1,1,0.0005,600,0.4,Adam
0.7533333333333333,0.6896428571428571,0.6548479659315573,E-CDE-VAE,100,0.1,0.001,1,1,1,0.0005,600,0.4,Adam
0.9099999999999999,0.8593253968253969,0.7382256503386534,E-CDE-VAE,100,0.1,0.001,1,1,1,0.0005,600,0.4,Adam
0.96,0.9054365079365081,0.8749905804549769,E-CDE-VAE,100,0.1,0.001,1,1,1,0.0005,600,0.4,Adam
0.8433333333333334,0.7825396825396826,0.6959866393496424,E-CDE-VAE,100,0.1,0.001,1,1,1,0.0005,600,0.4,Adam
0.0,0.10817460317460317,0.1964383275393337,E-CDE-VAE,100,0.1,0.001,1,1,1,0.0005,600,0.4,Adam
0.7533333333333333,0.656031746031746,0.642340910078913,E-CDE-VAE,100,0.1,0.001,1,1,1,0.0005,600,0.4,Adam
0.9099999999999999,0.7822619047619048,0.6771127661897787,E-CDE-VAE,100,0.1,0.001,1,1,1,0.0005,600,0.4,Adam
0.09,0.24313492063492065,0.31646942067220707,E-CDE-VAE,100,0.1,0.001,1,1,1,0.0005,600,0.4,Adam
0.0,0.043611111111111114,0.14456171150830593,E-CDE-VAE,100,0.1,0.001,1,1,1,0.0005,600,0.4,Adam
0.24666666666666667,0.25246031746031744,0.24076030458189904,E-CDE-VAE,100,0.1,0.001,1,1,1,0.0005,600,0.4,Adam
1.0,1.0,1.0,E-CDE-VAE,100,0.1,0.001,1,1,1,0.0005,600,0.4,Adam
0.0,0.03361111111111111,0.12262358019517461,E-CDE-VAE,100,0.1,0.001,1,1,1,0.0005,600,0.4,Adam
0.7033333333333334,0.7225396825396825,0.693871853550646,E-CDE-VAE,100,0.1,0.001,1,1,1,0.0005,600,0.4,Adam
0.3466666666666667,0.30246031746031743,0.2782848143858206,E-CDE-VAE,100,0.1,0.001,1,1,1,0.0005,600,0.4,Adam
0.2966666666666667,0.4446428571428571,0.5561095025975056,E-CDE-VAE,100,0.1,0.001,1,1,1,0.0005,600,0.4,Adam
0.09,0.23202380952380955,0.3178133749205731,E-CDE-VAE,100,0.1,0.001,1,1,1,0.0005,600,0.4,Adam
1.0,0.9143253968253969,0.8096495246669393,E-CDE-VAE,100,0.1,0.001,1,1,1,0.0005,600,0.4,Adam
1.0,0.968888888888889,0.8552356183548137,E-CDE-VAE,100,0.1,0.001,1,1,1,0.0005,600,0.4,Adam
0.45666666666666667,0.34079365079365076,0.27379866027505345,E-CDE-VAE,100,0.1,0.001,1,1,1,0.0005,600,0.4,Adam
0.0,0.0690079365079365,0.10138110857151106,E-CDE-VAE,100,0.1,0.001,1,1,1,0.0005,600,0.4,Adam
0.0,0.0,0.0,E-CDE-VAE,100,0.1,0.001,1,1,1,0.0005,600,0.4,Adam
0.45666666666666667,0.3140079365079365,0.23986322071461394,E-CDE-VAE,100,0.1,0.001,1,1,1,0.0005,600,0.4,Adam
0.7533333333333333,0.5703571428571428,0.47026641315341006,E-CDE-VAE,100,0.1,0.001,1,1,1,0.0005,600,0.4,Adam
0.4966666666666666,0.4420238095238095,0.34043472738132186,E-CDE-VAE,100,0.1,0.001,1,1,1,0.0005,600,0.4,Adam
0.19666666666666666,0.3020238095238096,0.2898977643443588,E-CDE-VAE,100,0.1,0.001,1,1,1,0.0005,600,0.4,Adam
0.24666666666666667,0.25246031746031744,0.2640357301367363,E-CDE-VAE,100,0.1,0.001,1,1,1,0.0005,600,0.4,Adam
0.4133333333333333,0.38369047619047614,0.337036176327972,E-CDE-VAE,100,0.1,0.001,1,1,1,0.0005,600,0.4,Adam
0.25666666666666665,0.1928968253968254,0.1407375160529185,E-CDE-VAE,100,0.1,0.001,1,1,1,0.0005,600,0.4,Adam
0.0,0.06472222222222221,0.16396122131222748,E-CDE-VAE,100,0.1,0.001,1,1,1,0.0005,600,0.4,Adam
0.0,0.0,0.0,E-CDE-VAE,100,0.1,0.001,1,1,1,0.0005,600,0.4,Adam
0.5033333333333333,0.541031746031746,0.5690559618829742,E-CDE-VAE,100,0.1,0.001,1,1,1,0.0005,600,0.4,Adam
0.24666666666666667,0.35507936507936505,0.34723253333353954,E-CDE-VAE,100,0.1,0.001,1,1,1,0.0005,600,0.4,Adam
0.25666666666666665,0.3053571428571428,0.4161085803171717,E-CDE-VAE,100,0.1,0.001,1,1,1,0.0005,600,0.4,Adam
0.04,0.11817460317460318,0.1572488416296466,E-CDE-VAE,100,0.1,0.001,1,1,1,0.0005,600,0.4,Adam
0.0,0.0,0.0,E-CDE-VAE,100,0.1,0.001,1,1,1,0.0005,600,0.4,Adam
0.7033333333333334,0.6746428571428572,0.6518242301214436,E-CDE-VAE,100,0.1,0.001,1,1,1,0.0005,600,0.4,Adam
0.6133333333333333,0.5818650793650793,0.544108250280851,E-CDE-VAE,100,0.1,0.001,1,1,1,0.0005,600,0.4,Adam
0.19666666666666666,0.31313492063492065,0.37095777438076205,E-CDE-VAE,100,0.1,0.001,1,1,1,0.0005,600,0.4,Adam
0.3866666666666666,0.4726984126984126,0.5472714656344687,E-CDE-VAE,100,0.1,0.001,1,1,1,0.0005,600,0.4,Adam
1.0,0.8539285714285715,0.7135799591275597,E-CDE-VAE,100,0.1,0.001,1,1,1,0.0005,600,0.4,Adam
1.0,0.8875396825396826,0.8156454037878186,E-CDE-VAE,100,0.1,0.001,1,1,1,0.0005,600,0.4,Adam
0.3466666666666667,0.3981349206349207,0.43233468694188504,E-CDE-VAE,100,0.1,0.001,1,1,1,0.0005,600,0.4,Adam
1.0,1.0,1.0,E-CDE-VAE,100,0.1,0.001,1,1,1,0.0005,600,0.4,Adam
0.04,0.15912698412698412,0.2241683058943121,E-CDE-VAE,100,0.1,0.001,1,1,1,0.0005,600,0.4,Adam
0.13,0.22773809523809524,0.25979150214250835,E-CDE-VAE,100,0.1,0.001,1,1,1,0.0005,600,0.4,Adam
0.19666666666666666,0.23746031746031743,0.32057131142850964,E-CDE-VAE,100,0.1,0.001,1,1,1,0.0005,600,0.4,Adam
0.7133333333333333,0.540515873015873,0.44271419928540673,E-CDE-VAE,100,0.1,0.001,1,1,1,0.0005,600,0.4,Adam
1.0,1.0,1.0,E-CDE-VAE,100,0.1,0.001,1,1,1,0.0005,600,0.4,Adam
0.15666666666666665,0.2076190476190476,0.3481324205550212,E-CDE-VAE,100,0.1,0.001,1,1,1,0.0005,600,0.4,Adam
0.4133333333333333,0.41035714285714286,0.3827807789475746,E-CDE-VAE,100,0.1,0.001,1,1,1,0.0005,600,0.4,Adam
0.2966666666666667,0.34202380952380956,0.28863648176728673,E-CDE-VAE,100,0.1,0.001,1,1,1,0.0005,600,0.4,Adam
0.0,0.0790079365079365,0.1918721940684015,E-CDE-VAE,100,0.1,0.001,1,1,1,0.0005,600,0.4,Adam
0.25666666666666665,0.2574603174603175,0.2604389848197898,E-CDE-VAE,100,0.1,0.001,1,1,1,0.0005,600,0.4,Adam
0.7433333333333334,0.7859920634920634,0.7701080427570365,E-CDE-VAE,100,0.1,0.001,1,1,1,0.0005,600,0.4,Adam
0.9099999999999999,0.825873015873016,0.821118922142529,E-CDE-VAE,100,0.1,0.001,1,1,1,0.0005,600,0.4,Adam
0.0,0.0,0.0,E-CDE-VAE,100,0.1,0.001,1,1,1,0.0005,600,0.4,Adam
0.7033333333333334,0.6368650793650794,0.5996694252170258,E-CDE-VAE,100,0.1,0.001,1,1,1,0.0005,600,0.4,Adam
0.45666666666666667,0.46007936507936503,0.5020821951955854,E-CDE-VAE,100,0.1,0.001,1,1,1,0.0005,600,0.4,Adam
0.2966666666666667,0.45464285714285707,0.554072907656499,E-CDE-VAE,100,0.1,0.001,1,1,1,0.0005,600,0.4,Adam
0.0,0.0,0.010850533195734433,E-CDE-VAE,100,0.1,0.001,1,1,1,0.0005,600,0.4,Adam
0.5433333333333333,0.7071031746031746,0.8201130171428159,E-CDE-VAE,100,0.1,0.001,1,1,1,0.0005,600,0.4,Adam
0.19666666666666666,0.31313492063492065,0.33509350492129136,E-CDE-VAE,100,0.1,0.001,1,1,1,0.0005,600,0.4,Adam
0.5033333333333333,0.5746428571428572,0.5238914196828285,E-CDE-VAE,100,0.1,0.001,1,1,1,0.0005,600,0.4,Adam
0.5033333333333333,0.5535317460317459,0.566011732720324,E-CDE-VAE,100,0.1,0.001,1,1,1,0.0005,600,0.4,Adam
0.6133333333333333,0.45690476190476187,0.3735398553974405,E-CDE-VAE,100,0.1,0.001,1,1,1,0.0005,600,0.4,Adam
0.5033333333333333,0.6125396825396825,0.6919785975977928,E-CDE-VAE,100,0.1,0.001,1,1,1,0.0005,600,0.4,Adam
0.8033333333333333,0.691031746031746,0.5774316936933036,E-CDE-VAE,100,0.1,0.001,1,1,1,0.0005,600,0.4,Adam
0.8433333333333334,0.8359920634920635,0.7887872056564007,E-CDE-VAE,100,0.1,0.001,1,1,1,0.0005,600,0.4,Adam
0.25666666666666665,0.2140079365079365,0.2026707603971536,E-CDE-VAE,100,0.1,0.001,1,1,1,0.0005,600,0.4,Adam
0.13,0.30658730158730163,0.3423713915083884,E-CDE-VAE,100,0.1,0.001,1,1,1,0.0005,600,0.4,Adam
0.0,0.0,0.038701982142384614,E-CDE-VAE,100,0.1,0.001,1,1,1,0.0005,600,0.4,Adam
0.3466666666666667,0.41492063492063497,0.38470093696293384,E-CDE-VAE,100,0.1,0.001,1,1,1,0.0005,600,0.4,Adam
0.9099999999999999,0.7822619047619048,0.6926484497614528,E-CDE-VAE,100,0.1,0.001,1,1,1,0.0005,600,0.4,Adam
1.0,1.0,1.0,E-CDE-VAE,100,0.1,0.001,1,1,1,0.0005,600,0.4,Adam
0.3466666666666667,0.47964285714285715,0.5951803826977975,E-CDE-VAE,100,0.1,0.001,1,1,1,0.0005,600,0.4,Adam
0.0,0.0,0.0,E-CDE-VAE,100,0.1,0.001,1,1,1,0.0005,600,0.4,Adam
0.13,0.2756349206349206,0.31277372309493046,E-CDE-VAE,100,0.1,0.001,1,1,1,0.0005,600,0.4,Adam
0.2966666666666667,0.3800793650793651,0.4335397523013622,E-CDE-VAE,100,0.1,0.001,1,1,1,0.0005,600,0.4,Adam
0.0,0.05472222222222223,0.19977849829049518,E-CDE-VAE,100,0.1,0.001,1,1,1,0.0005,600,0.4,Adam
0.5433333333333333,0.6425396825396825,0.7158225518461587,E-CDE-VAE,100,0.1,0.001,1,1,1,0.0005,600,0.4,Adam
0.15666666666666665,0.18650793650793648,0.314749925856737,E-CDE-VAE,100,0.1,0.001,1,1,1,0.0005,600,0.4,Adam
0.8433333333333334,0.8571031746031746,0.8559192606928676,E-CDE-VAE,100,0.1,0.001,1,1,1,0.0005,600,0.4,Adam
0.09,0.15317460317460319,0.25644010057709743,E-CDE-VAE,100,0.1,0.001,1,1,1,0.0005,600,0.4,Adam
0.3866666666666666,0.5642063492063492,0.6600501656925806,E-CDE-VAE,100,0.1,0.001,1,1,1,0.0005,600,0.4,Adam
0.0,0.0,0.0,E-CDE-VAE,100,0.1,0.001,1,1,1,0.0005,600,0.4,Adam
0.0,0.0,0.0,E-CDE-VAE,100,0.1,0.001,1,1,1,0.0005,600,0.4,Adam
0.25666666666666665,0.37007936507936506,0.4936026344656376,E-CDE-VAE,100,0.1,0.001,1,1,1,0.0005,600,0.4,Adam
0.0,0.0,0.024726448946650187,E-CDE-VAE,100,0.1,0.001,1,1,1,0.0005,600,0.4,Adam
0.7133333333333333,0.5194047619047618,0.40822445292066034,E-CDE-VAE,100,0.1,0.001,1,1,1,0.0005,600,0.4,Adam
1.0,1.0,1.0,E-CDE-VAE,100,0.1,0.001,1,1,1,0.0005,600,0.4,Adam
1.0,1.0,1.0,E-CDE-VAE,100,0.1,0.001,1,1,1,0.0005,600,0.4,Adam
0.2866666666666666,0.4496428571428571,0.57258503579324,E-CDE-VAE,100,0.1,0.001,1,1,1,0.0005,600,0.4,Adam
1.0,0.9354365079365079,0.9082678097616178,E-CDE-VAE,100,0.1,0.001,1,1,1,0.0005,600,0.4,Adam
0.7133333333333333,0.49579365079365073,0.4040915515083472,E-CDE-VAE,100,0.1,0.001,1,1,1,0.0005,600,0.4,Adam
0.5033333333333333,0.5535317460317459,0.5566566047042054,E-CDE-VAE,100,0.1,0.001,1,1,1,0.0005,600,0.4,Adam
0.4133333333333333,0.41730158730158734,0.4395925883541983,E-CDE-VAE,100,0.1,0.001,1,1,1,0.0005,600,0.4,Adam
0.0,0.10261904761904761,0.24953390220031085,E-CDE-VAE,100,0.1,0.001,1,1,1,0.0005,600,0.4,Adam
0.25666666666666665,0.24761904761904757,0.3374661219843108,E-CDE-VAE,100,0.1,0.001,1,1,1,0.0005,600,0.4,Adam
0.0,0.10261904761904761,0.24211631978272843,E-CDE-VAE,100,0.1,0.001,1,1,1,0.0005,600,0.4,Adam
1.0,1.0,1.0,E-CDE-VAE,100,0.1,0.001,1,1,1,0.0005,600,0.4,Adam
0.4133333333333333,0.390515873015873,0.36040533275633896,E-CDE-VAE,100,0.1,0.001,1,1,1,0.0005,600,0.4,Adam
0.0,0.0,0.0,E-CDE-VAE,100,0.1,0.001,1,1,1,0.0005,600,0.4,Adam
0.45666666666666667,0.3910714285714285,0.2958514247620285,E-CDE-VAE,100,0.1,0.001,1,1,1,0.0005,600,0.4,Adam
0.13,0.2420238095238095,0.24855406418486914,E-CDE-VAE,100,0.1,0.001,1,1,1,0.0005,600,0.4,Adam
0.5866666666666667,0.6163095238095238,0.6580656407146344,E-CDE-VAE,100,0.1,0.001,1,1,1,0.0005,600,0.4,Adam
0.4133333333333333,0.46507936507936504,0.517240087698679,E-CDE-VAE,100,0.1,0.001,1,1,1,0.0005,600,0.4,Adam
1.0,0.956388888888889,0.841354039407445,E-CDE-VAE,100,0.1,0.001,1,1,1,0.0005,600,0.4,Adam
0.3866666666666666,0.38702380952380955,0.3150875051590996,E-CDE-VAE,100,0.1,0.001,1,1,1,0.0005,600,0.4,Adam
0.04,0.24063492063492067,0.32608046021745707,E-CDE-VAE,100,0.1,0.001,1,1,1,0.0005,600,0.4,Adam
1.0,0.9143253968253969,0.8181450057939994,E-CDE-VAE,100,0.1,0.001,1,1,1,0.0005,600,0.4,Adam
1.0,0.8707142857142858,0.7451455849791764,E-CDE-VAE,100,0.1,0.001,1,1,1,0.0005,600,0.4,Adam
0.8699999999999999,0.7411507936507936,0.6133326370052377,E-CDE-VAE,100,0.1,0.001,1,1,1,0.0005,600,0.4,Adam
0.5466666666666666,0.4235714285714286,0.3592683191851148,E-CDE-VAE,100,0.1,0.001,1,1,1,0.0005,600,0.4,Adam
0.15666666666666665,0.31007936507936507,0.438807136920527,E-CDE-VAE,100,0.1,0.001,1,1,1,0.0005,600,0.4,Adam
1.0,0.8328174603174603,0.6355222632544615,E-CDE-VAE,100,0.1,0.001,1,1,1,0.0005,600,0.4,Adam
0.3866666666666666,0.44492063492063494,0.5218288965076889,E-CDE-VAE,100,0.1,0.001,1,1,1,0.0005,600,0.4,Adam
0.6533333333333333,0.551468253968254,0.5548220941854842,E-CDE-VAE,100,0.1,0.001,1,1,1,0.0005,600,0.4,Adam
0.7533333333333333,0.7164285714285714,0.6749074897410811,E-CDE-VAE,100,0.1,0.001,1,1,1,0.0005,600,0.4,Adam
0.25666666666666665,0.2619047619047619,0.2559945403753453,E-CDE-VAE,100,0.1,0.001,1,1,1,0.0005,600,0.4,Adam
0.4533333333333333,0.42035714285714293,0.33938739751820246,E-CDE-VAE,100,0.1,0.001,1,1,1,0.0005,600,0.4,Adam
1.0,1.0,0.973988125952135,E-CDE-VAE,100,0.1,0.001,1,1,1,0.0005,600,0.4,Adam
0.96,0.8297619047619047,0.7534084484916528,E-CDE-VAE,100,0.1,0.001,1,1,1,0.0005,600,0.4,Adam
0.4133333333333333,0.433968253968254,0.42704562658703527,E-CDE-VAE,100,0.1,0.001,1,1,1,0.0005,600,0.4,Adam
1.0,1.0,1.0,E-CDE-VAE,100,0.1,0.001,1,1,1,0.0005,600,0.4,Adam
0.19666666666666666,0.28218253968253965,0.32704401055600746,E-CDE-VAE,100,0.1,0.001,1,1,1,0.0005,600,0.4,Adam
0.8433333333333334,0.8259920634920634,0.7364141774977688,E-CDE-VAE,100,0.1,0.001,1,1,1,0.0005,600,0.4,Adam
0.96,0.894325396825397,0.8094911596401534,E-CDE-VAE,100,0.1,0.001,1,1,1,0.0005,600,0.4,Adam
0.9099999999999999,0.7443650793650793,0.6454074116458017,E-CDE-VAE,100,0.1,0.001,1,1,1,0.0005,600,0.4,Adam
0.5433333333333333,0.7071031746031746,0.7928865681961658,E-CDE-VAE,100,0.1,0.001,1,1,1,0.0005,600,0.4,Adam
0.9099999999999999,0.8593253968253969,0.708058024921415,E-CDE-VAE,100,0.1,0.001,1,1,1,0.0005,600,0.4,Adam
0.0,0.047896825396825396,0.05738698285718409,E-CDE-VAE,100,0.1,0.001,1,1,1,0.0005,600,0.4,Adam
0.6533333333333333,0.6428174603174602,0.5953651184127191,E-CDE-VAE,100,0.1,0.001,1,1,1,0.0005,600,0.4,Adam
0.4533333333333333,0.5639285714285714,0.6676730420422371,E-CDE-VAE,100,0.1,0.001,1,1,1,0.0005,600,0.4,Adam
0.9099999999999999,0.8593253968253969,0.7329622383550402,E-CDE-VAE,100,0.1,0.001,1,1,1,0.0005,600,0.4,Adam
0.24666666666666667,0.2735714285714285,0.26182787370867866,E-CDE-VAE,100,0.1,0.001,1,1,1,0.0005,600,0.4,Adam
0.24666666666666667,0.396031746031746,0.5487206567082727,E-CDE-VAE,100,0.1,0.001,1,1,1,0.0005,600,0.4,Adam
0.04,0.12817460317460316,0.20081899073578638,E-CDE-VAE,100,0.1,0.001,1,1,1,0.0005,600,0.4,Adam
0.0,0.0690079365079365,0.17359496476176042,E-CDE-VAE,100,0.1,0.001,1,1,1,0.0005,600,0.4,Adam
0.25666666666666665,0.2265079365079365,0.239713385814392,E-CDE-VAE,100,0.1,0.001,1,1,1,0.0005,600,0.4,Adam
0.7433333333333334,0.7592063492063492,0.7594877112911169,E-CDE-VAE,100,0.1,0.001,1,1,1,0.0005,600,0.4,Adam
1.0,0.968888888888889,0.8797999195077368,E-CDE-VAE,100,0.1,0.001,1,1,1,0.0005,600,0.4,Adam
0.8433333333333334,0.734642857142857,0.6145641883915877,E-CDE-VAE,100,0.1,0.001,1,1,1,0.0005,600,0.4,Adam
1.0,1.0,1.0,E-CDE-VAE,100,0.1,0.001,1,1,1,0.0005,600,0.4,Adam
0.8433333333333334,0.7755952380952381,0.6751456156932163,E-CDE-VAE,100,0.1,0.001,1,1,1,0.0005,600,0.4,Adam
0.19666666666666666,0.35674603174603176,0.5017500864288789,E-CDE-VAE,100,0.1,0.001,1,1,1,0.0005,600,0.4,Adam
0.0,0.0,0.0079093567251462,E-CDE-VAE,100,0.1,0.001,1,1,1,0.0005,600,0.4,Adam
0.0,0.0,0.0,E-CDE-VAE,100,0.1,0.001,1,1,1,0.0005,600,0.4,Adam
0.6533333333333333,0.5993650793650793,0.5879543734129647,E-CDE-VAE,100,0.1,0.001,1,1,1,0.0005,600,0.4,Adam
0.0,0.0,0.0,E-CDE-VAE,100,0.1,0.001,1,1,1,0.0005,600,0.4,Adam
0.5866666666666667,0.5181349206349206,0.4665276957304821,E-CDE-VAE,100,0.1,0.001,1,1,1,0.0005,600,0.4,Adam
1.0,0.8564285714285715,0.6621366853390847,E-CDE-VAE,100,0.1,0.001,1,1,1,0.0005,600,0.4,Adam
1.0,0.968888888888889,0.8544433602173539,E-CDE-VAE,100,0.1,0.001,1,1,1,0.0005,600,0.4,Adam
1.0,1.0,1.0,E-CDE-VAE,100,0.1,0.001,1,1,1,0.0005,600,0.4,Adam
0.15666666666666665,0.3200793650793651,0.4656203827991754,E-CDE-VAE,100,0.1,0.001,1,1,1,0.0005,600,0.4,Adam
0.19666666666666666,0.373531746031746,0.46140800311659447,E-CDE-VAE,100,0.1,0.001,1,1,1,0.0005,600,0.4,Adam
1.0,0.9521031746031747,0.8283322798202828,E-CDE-VAE,100,0.1,0.001,1,1,1,0.0005,600,0.4,Adam
0.7433333333333334,0.7759920634920634,0.774639385597203,E-CDE-VAE,100,0.1,0.001,1,1,1,0.0005,600,0.4,Adam
1.0,1.0,1.0,E-CDE-VAE,100,0.1,0.001,1,1,1,0.0005,600,0.4,Adam
0.96,0.7961507936507937,0.7061560970848896,E-CDE-VAE,100,0.1,0.001,1,1,1,0.0005,600,0.4,Adam
0.0,0.043611111111111114,0.18971636378757123,E-CDE-VAE,100,0.1,0.001,1,1,1,0.0005,600,0.4,Adam
0.96,0.8029761904761905,0.7413761109891139,E-CDE-VAE,100,0.1,0.001,1,1,1,0.0005,600,0.4,Adam
0.15666666666666665,0.23857142857142857,0.35563906531205297,E-CDE-VAE,100,0.1,0.001,1,1,1,0.0005,600,0.4,Adam
0.0,0.047896825396825396,0.07927187277806472,E-CDE-VAE,100,0.1,0.001,1,1,1,0.0005,600,0.4,Adam
0.15666666666666665,0.276468253968254,0.4016641358727272,E-CDE-VAE,100,0.1,0.001,1,1,1,0.0005,600,0.4,Adam
0.24666666666666667,0.25246031746031744,0.23597594785675283,E-CDE-VAE,100,0.1,0.001,1,1,1,0.0005,600,0.4,Adam
0.0,0.0,0.0,E-CDE-VAE,100,0.1,0.001,1,1,1,0.0005,600,0.4,Adam
1.0,0.9521031746031747,0.829272129444343,E-CDE-VAE,100,0.1,0.001,1,1,1,0.0005,600,0.4,Adam
0.8433333333333334,0.7755952380952381,0.7666016134708087,E-CDE-VAE,100,0.1,0.001,1,1,1,0.0005,600,0.4,Adam
0.4966666666666666,0.446468253968254,0.3817148565658628,E-CDE-VAE,100,0.1,0.001,1,1,1,0.0005,600,0.4,Adam
0.8433333333333334,0.7444841269841269,0.6254086603970505,E-CDE-VAE,100,0.1,0.001,1,1,1,0.0005,600,0.4,Adam
1.0,0.966388888888889,0.9025889798625867,E-CDE-VAE,100,0.1,0.001,1,1,1,0.0005,600,0.4,Adam
0.4966666666666666,0.4420238095238095,0.34043472738132186,E-CDE-VAE,100,0.1,0.001,1,1,1,0.0005,600,0.4,Adam
0.0,0.09150793650793651,0.16004521192601687,E-CDE-VAE,100,0.1,0.001,1,1,1,0.0005,600,0.4,Adam
0.0,0.0,0.0,E-CDE-VAE,100,0.1,0.001,1,1,1,0.0005,600,0.4,Adam
0.8433333333333334,0.7614285714285715,0.6172842768256855,E-CDE-VAE,100,0.1,0.001,1,1,1,0.0005,600,0.4,Adam
0.15666666666666665,0.2119047619047619,0.23099454037534534,E-CDE-VAE,100,0.1,0.001,1,1,1,0.0005,600,0.4,Adam
0.0,0.0,0.0,E-CDE-VAE,100,0.1,0.001,1,1,1,0.0005,600,0.4,Adam
0.13,0.2420238095238095,0.2610712640472702,E-CDE-VAE,100,0.1,0.001,1,1,1,0.0005,600,0.4,Adam
0.4966666666666666,0.490079365079365,0.573929573608366,E-CDE-VAE,100,0.1,0.001,1,1,1,0.0005,600,0.4,Adam
0.4966666666666666,0.4420238095238095,0.358130087576682,E-CDE-VAE,100,0.1,0.001,1,1,1,0.0005,600,0.4,Adam
0.3466666666666667,0.47964285714285715,0.5722827482115408,E-CDE-VAE,100,0.1,0.001,1,1,1,0.0005,600,0.4,Adam
0.7433333333333334,0.6635317460317459,0.5487321345235432,E-CDE-VAE,100,0.1,0.001,1,1,1,0.0005,600,0.4,Adam
0.5866666666666667,0.5449206349206349,0.5320490156558269,E-CDE-VAE,100,0.1,0.001,1,1,1,0.0005,600,0.4,Adam
0.0,0.0,0.0,E-CDE-VAE,100,0.1,0.001,1,1,1,0.0005,600,0.4,Adam
0.6133333333333333,0.44579365079365074,0.3513719355979418,E-CDE-VAE,100,0.1,0.001,1,1,1,0.0005,600,0.4,Adam
0.7433333333333334,0.7734920634920635,0.783066419090026,E-CDE-VAE,100,0.1,0.001,1,1,1,0.0005,600,0.4,Adam
1.0,0.966388888888889,0.8999893624177681,E-CDE-VAE,100,0.1,0.001,1,1,1,0.0005,600,0.4,Adam
0.7433333333333334,0.694484126984127,0.5680544788458876,E-CDE-VAE,100,0.1,0.001,1,1,1,0.0005,600,0.4,Adam
1.0,0.8707142857142858,0.6832603277785168,E-CDE-VAE,100,0.1,0.001,1,1,1,0.0005,600,0.4,Adam
0.7133333333333333,0.6293650793650792,0.5586347012121006,E-CDE-VAE,100,0.1,0.001,1,1,1,0.0005,600,0.4,Adam
0.4133333333333333,0.3569047619047619,0.3226016525184482,E-CDE-VAE,100,0.1,0.001,1,1,1,0.0005,600,0.4,Adam
0.0,0.06472222222222221,0.19933732181990696,E-CDE-VAE,100,0.1,0.001,1,1,1,0.0005,600,0.4,Adam
1.0,1.0,0.9355299022442984,E-CDE-VAE,100,0.1,0.001,1,1,1,0.0005,600,0.4,Adam
0.45666666666666667,0.32400793650793647,0.2756702119260169,E-CDE-VAE,100,0.1,0.001,1,1,1,0.0005,600,0.4,Adam
0.0,0.0,0.0,E-CDE-VAE,100,0.1,0.001,1,1,1,0.0005,600,0.4,Adam
0.7533333333333333,0.634920634920635,0.4745948931958995,E-CDE-VAE,100,0.1,0.001,1,1,1,0.0005,600,0.4,Adam
0.5033333333333333,0.46646825396825403,0.3669884076192126,E-CDE-VAE,100,0.1,0.001,1,1,1,0.0005,600,0.4,Adam
0.2966666666666667,0.3900793650793651,0.5052693011323042,E-CDE-VAE,100,0.1,0.001,1,1,1,0.0005,600,0.4,Adam
0.8699999999999999,0.8058730158730159,0.7847258065292122,E-CDE-VAE,100,0.1,0.001,1,1,1,0.0005,600,0.4,Adam
0.0,0.0,0.0,E-CDE-VAE,100,0.1,0.001,1,1,1,0.0005,600,0.4,Adam
0.5433333333333333,0.5989285714285715,0.5353311297835291,E-CDE-VAE,100,0.1,0.001,1,1,1,0.0005,600,0.4,Adam
0.96,0.8607142857142858,0.7228367184501086,E-CDE-VAE,100,0.1,0.001,1,1,1,0.0005,600,0.4,Adam
0.7533333333333333,0.6928174603174602,0.6767158793648731,E-CDE-VAE,100,0.1,0.001,1,1,1,0.0005,600,0.4,Adam
1.0,1.0,1.0,E-CDE-VAE,100,0.1,0.001,1,1,1,0.0005,600,0.4,Adam
0.3466666666666667,0.3235714285714285,0.2933858244868307,E-CDE-VAE,100,0.1,0.001,1,1,1,0.0005,600,0.4,Adam
0.09,0.1841269841269841,0.24932825409025097,E-CDE-VAE,100,0.1,0.001,1,1,1,0.0005,600,0.4,Adam
0.4133333333333333,0.4550793650793651,0.4965978878362779,E-CDE-VAE,100,0.1,0.001,1,1,1,0.0005,600,0.4,Adam
0.0,0.01,0.09334355981995301,E-CDE-VAE,100,0.1,0.001,1,1,1,0.0005,600,0.4,Adam
1.0,0.9521031746031747,0.8283322798202828,E-CDE-VAE,100,0.1,0.001,1,1,1,0.0005,600,0.4,Adam
1.0,1.0,1.0,E-CDE-VAE,100,0.1,0.001,1,1,1,0.0005,600,0.4,Adam
0.0,0.14357142857142854,0.28971688807408624,E-CDE-VAE,100,0.1,0.001,1,1,1,0.0005,600,0.4,Adam
0.9099999999999999,0.8158730158730159,0.6956260636078746,E-CDE-VAE,100,0.1,0.001,1,1,1,0.0005,600,0.4,Adam
0.7033333333333334,0.5453571428571429,0.45189200462420276,E-CDE-VAE,100,0.1,0.001,1,1,1,0.0005,600,0.4,Adam
0.7033333333333334,0.600079365079365,0.589526091168893,E-CDE-VAE,100,0.1,0.001,1,1,1,0.0005,600,0.4,Adam
0.5033333333333333,0.6225396825396825,0.6944480287514343,E-CDE-VAE,100,0.1,0.001,1,1,1,0.0005,600,0.4,Adam
0.5466666666666666,0.47146825396825404,0.38679727414828036,E-CDE-VAE,100,0.1,0.001,1,1,1,0.0005,600,0.4,Adam
0.15666666666666665,0.21746031746031744,0.2314863146829091,E-CDE-VAE,100,0.1,0.001,1,1,1,0.0005,600,0.4,Adam
0.0,0.0,0.0,E-CDE-VAE,100,0.1,0.001,1,1,1,0.0005,600,0.4,Adam
0.45666666666666667,0.470079365079365,0.5600834197622122,E-CDE-VAE,100,0.1,0.001,1,1,1,0.0005,600,0.4,Adam
0.4533333333333333,0.5018650793650794,0.5433726868246993,E-CDE-VAE,100,0.1,0.001,1,1,1,0.0005,600,0.4,Adam
1.0,1.0,1.0,E-CDE-VAE,100,0.1,0.001,1,1,1,0.0005,600,0.4,Adam
1.0,0.99,0.9475858966454942,E-CDE-VAE,100,0.1,0.001,1,1,1,0.0005,600,0.4,Adam
0.45666666666666667,0.3476190476190476,0.28747576748157244,E-CDE-VAE,100,0.1,0.001,1,1,1,0.0005,600,0.4,Adam
0.45666666666666667,0.3574603174603174,0.29885473573554067,E-CDE-VAE,100,0.1,0.001,1,1,1,0.0005,600,0.4,Adam
1.0,1.0,1.0,E-CDE-VAE,100,0.1,0.001,1,1,1,0.0005,600,0.4,Adam
0.25666666666666665,0.2574603174603175,0.23368428119008616,E-CDE-VAE,100,0.1,0.001,1,1,1,0.0005,600,0.4,Adam
0.7533333333333333,0.6896428571428571,0.6970916147406084,E-CDE-VAE,100,0.1,0.001,1,1,1,0.0005,600,0.4,Adam
1.0,1.0,1.0,E-CDE-VAE,100,0.1,0.001,1,1,1,0.0005,600,0.4,Adam
0.13,0.2586904761904762,0.25855406418486915,E-CDE-VAE,100,0.1,0.001,1,1,1,0.0005,600,0.4,Adam
0.13,0.2798015873015873,0.3118442359154433,E-CDE-VAE,100,0.1,0.001,1,1,1,0.0005,600,0.4,Adam
0.0,0.0,0.0,E-CDE-VAE,100,0.1,0.001,1,1,1,0.0005,600,0.4,Adam
0.19666666666666666,0.3356349206349207,0.4473466039894059,E-CDE-VAE,100,0.1,0.001,1,1,1,0.0005,600,0.4,Adam
0.3866666666666666,0.41813492063492064,0.4791970941854843,E-CDE-VAE,100,0.1,0.001,1,1,1,0.0005,600,0.4,Adam
0.45666666666666667,0.37440476190476185,0.3048269579577629,E-CDE-VAE,100,0.1,0.001,1,1,1,0.0005,600,0.4,Adam
1.0,0.966388888888889,0.8845502437878598,E-CDE-VAE,100,0.1,0.001,1,1,1,0.0005,600,0.4,Adam
0.3866666666666666,0.5642063492063492,0.6211635202173127,E-CDE-VAE,100,0.1,0.001,1,1,1,0.0005,600,0.4,Adam
0.19666666666666666,0.308968253968254,0.3598661394075481,E-CDE-VAE,100,0.1,0.001,1,1,1,0.0005,600,0.4,Adam
0.25666666666666665,0.2265079365079365,0.27852243710022345,E-CDE-VAE,100,0.1,0.001,1,1,1,0.0005,600,0.4,Adam
0.45666666666666667,0.3265079365079365,0.30095607587287154,E-CDE-VAE,100,0.1,0.001,1,1,1,0.0005,600,0.4,Adam
0.09,0.17857142857142855,0.2566837020049094,E-CDE-VAE,100,0.1,0.001,1,1,1,0.0005,600,0.4,Adam
0.8033333333333333,0.616468253968254,0.5175619106985205,E-CDE-VAE,100,0.1,0.001,1,1,1,0.0005,600,0.4,Adam
1.0,1.0,1.0,E-CDE-VAE,100,0.1,0.001,1,1,1,0.0005,600,0.4,Adam
0.4133333333333333,0.4793650793650793,0.5204371735505636,E-CDE-VAE,100,0.1,0.001,1,1,1,0.0005,600,0.4,Adam
0.5866666666666667,0.5181349206349206,0.5745657429945354,E-CDE-VAE,100,0.1,0.001,1,1,1,0.0005,600,0.4,Adam
0.2966666666666667,0.34202380952380956,0.28863648176728673,E-CDE-VAE,100,0.1,0.001,1,1,1,0.0005,600,0.4,Adam
0.5433333333333333,0.6492063492063492,0.6521469118257044,E-CDE-VAE,100,0.1,0.001,1,1,1,0.0005,600,0.4,Adam
1.0,0.9354365079365079,0.8616473572007626,E-CDE-VAE,100,0.1,0.001,1,1,1,0.0005,600,0.4,Adam
0.8433333333333334,0.7614285714285715,0.619915855773054,E-CDE-VAE,100,0.1,0.001,1,1,1,0.0005,600,0.4,Adam
0.6133333333333333,0.5003571428571428,0.4236765008727083,E-CDE-VAE,100,0.1,0.001,1,1,1,0.0005,600,0.4,Adam
0.0,0.0,0.0,E-CDE-VAE,100,0.1,0.001,1,1,1,0.0005,600,0.4,Adam
0.8033333333333333,0.7514285714285714,0.6844981330159349,E-CDE-VAE,100,0.1,0.001,1,1,1,0.0005,600,0.4,Adam
0.5433333333333333,0.6089285714285715,0.7041485752379717,E-CDE-VAE,100,0.1,0.001,1,1,1,0.0005,600,0.4,Adam
1.0,0.9788888888888889,0.9103991302385266,E-CDE-VAE,100,0.1,0.001,1,1,1,0.0005,600,0.4,Adam
0.13,0.24884920634920635,0.320510569581777,E-CDE-VAE,100,0.1,0.001,1,1,1,0.0005,600,0.4,Adam
0.3866666666666666,0.5642063492063492,0.6577641622223666,E-CDE-VAE,100,0.1,0.001,1,1,1,0.0005,600,0.4,Adam
0.09,0.10956349206349207,0.13726001101581597,E-CDE-VAE,100,0.1,0.001,1,1,1,0.0005,600,0.4,Adam
0.09,0.14067460317460317,0.22666386073506817,E-CDE-VAE,100,0.1,0.001,1,1,1,0.0005,600,0.4,Adam
0.7433333333333334,0.6846428571428571,0.6245977811747936,E-CDE-VAE,100,0.1,0.001,1,1,1,0.0005,600,0.4,Adam
0.3866666666666666,0.5642063492063492,0.6654595224177268,E-CDE-VAE,100,0.1,0.001,1,1,1,0.0005,600,0.4,Adam
0.09,0.20107142857142857,0.27549197706318446,E-CDE-VAE,100,0.1,0.001,1,1,1,0.0005,600,0.4,Adam
0.04,0.12817460317460316,0.21088251789490178,E-CDE-VAE,100,0.1,0.001,1,1,1,0.0005,600,0.4,Adam
0.5866666666666667,0.6542063492063492,0.6630385202173127,E-CDE-VAE,100,0.1,0.001,1,1,1,0.0005,600,0.4,Adam
1.0,0.9788888888888889,0.900682414206021,E-CDE-VAE,100,0.1,0.001,1,1,1,0.0005,600,0.4,Adam
0.8699999999999999,0.7101984126984127,0.605504038015648,E-CDE-VAE,100,0.1,0.001,1,1,1,0.0005,600,0.4,Adam
1.0,1.0,1.0,E-CDE-VAE,100,0.1,0.001,1,1,1,0.0005,600,0.4,Adam
0.3866666666666666,0.5642063492063492,0.6783636270420328,E-CDE-VAE,100,0.1,0.001,1,1,1,0.0005,600,0.4,Adam
0.9099999999999999,0.7778174603174604,0.6437114248840256,E-CDE-VAE,100,0.1,0.001,1,1,1,0.0005,600,0.4,Adam
0.0,0.06472222222222221,0.1892881604549561,E-CDE-VAE,100,0.1,0.001,1,1,1,0.0005,600,0.4,Adam
0.5466666666666666,0.481468253968254,0.4419516723386693,E-CDE-VAE,100,0.1,0.001,1,1,1,0.0005,600,0.4,Adam
0.2966666666666667,0.43353174603174593,0.5452442077616226,E-CDE-VAE,100,0.1,0.001,1,1,1,0.0005,600,0.4,Adam
0.45666666666666667,0.426468253968254,0.4662691449417456,E-CDE-VAE,100,0.1,0.001,1,1,1,0.0005,600,0.4,Adam
0.7133333333333333,0.6293650793650792,0.5586347012121006,E-CDE-VAE,100,0.1,0.001,1,1,1,0.0005,600,0.4,Adam
0.24666666666666667,0.28357142857142853,0.3395689162059131,E-CDE-VAE,100,0.1,0.001,1,1,1,0.0005,600,0.4,Adam
0.0,0.03111111111111111,0.1339723906983969,E-CDE-VAE,100,0.1,0.001,1,1,1,0.0005,600,0.4,Adam
0.9099999999999999,0.8325396825396826,0.7170999500585413,E-CDE-VAE,100,0.1,0.001,1,1,1,0.0005,600,0.4,Adam
0.24666666666666667,0.40853174603174597,0.4995831612917526,E-CDE-VAE,100,0.1,0.001,1,1,1,0.0005,600,0.4,Adam
1.0,1.0,1.0,E-CDE-VAE,100,0.1,0.001,1,1,1,0.0005,600,0.4,Adam
0.0,0.11261904761904762,0.2567243046770911,E-CDE-VAE,100,0.1,0.001,1,1,1,0.0005,600,0.4,Adam
1.0,1.0,0.9665614298412285,E-CDE-VAE,100,0.1,0.001,1,1,1,0.0005,600,0.4,Adam
0.0,0.06472222222222221,0.16253484948144392,E-CDE-VAE,100,0.1,0.001,1,1,1,0.0005,600,0.4,Adam
0.0,0.0,0.0,E-CDE-VAE,100,0.1,0.001,1,1,1,0.0005,600,0.4,Adam
0.0,0.06456349206349207,0.1435929376351203,E-CDE-VAE,100,0.1,0.001,1,1,1,0.0005,600,0.4,Adam
0.0,0.03111111111111111,0.08756427482046678,E-CDE-VAE,100,0.1,0.001,1,1,1,0.0005,600,0.4,Adam
0.4966666666666666,0.490079365079365,0.5806260021797947,E-CDE-VAE,100,0.1,0.001,1,1,1,0.0005,600,0.4,Adam
1.0,1.0,0.9362510560904523,E-CDE-VAE,100,0.1,0.001,1,1,1,0.0005,600,0.4,Adam
0.5433333333333333,0.5946428571428571,0.6426868528358465,E-CDE-VAE,100,0.1,0.001,1,1,1,0.0005,600,0.4,Adam
1.0,1.0,1.0,E-CDE-VAE,100,0.1,0.001,1,1,1,0.0005,600,0.4,Adam
0.7433333333333334,0.7523809523809524,0.6623129826399949,E-CDE-VAE,100,0.1,0.001,1,1,1,0.0005,600,0.4,Adam
0.5866666666666667,0.5896428571428571,0.6480262122638283,E-CDE-VAE,100,0.1,0.001,1,1,1,0.0005,600,0.4,Adam
0.04,0.11817460317460318,0.14934473700534073,E-CDE-VAE,100,0.1,0.001,1,1,1,0.0005,600,0.4,Adam
0.04,0.08456349206349206,0.13634426010006506,E-CDE-VAE,100,0.1,0.001,1,1,1,0.0005,600,0.4,Adam
0.5466666666666666,0.40246031746031746,0.3602931663709527,E-CDE-VAE,100,0.1,0.001,1,1,1,0.0005,600,0.4,Adam
0.5466666666666666,0.4670238095238094,0.36726618539699035,E-CDE-VAE,100,0.1,0.001,1,1,1,0.0005,600,0.4,Adam
0.19666666666666666,0.25857142857142856,0.33313344593143357,E-CDE-VAE,100,0.1,0.001,1,1,1,0.0005,600,0.4,Adam
1.0,1.0,1.0,E-CDE-VAE,100,0.1,0.001,1,1,1,0.0005,600,0.4,Adam
0.8433333333333334,0.8571031746031746,0.8216870397404454,E-CDE-VAE,100,0.1,0.001,1,1,1,0.0005,600,0.4,Adam
0.5433333333333333,0.6114285714285714,0.5717613172431284,E-CDE-VAE,100,0.1,0.001,1,1,1,0.0005,600,0.4,Adam
0.0,0.0690079365079365,0.19561488412688102,E-CDE-VAE,100,0.1,0.001,1,1,1,0.0005,600,0.4,Adam
0.45666666666666667,0.3785714285714285,0.3208858244868307,E-CDE-VAE,100,0.1,0.001,1,1,1,0.0005,600,0.4,Adam
0.5033333333333333,0.4553571428571429,0.361432852063657,E-CDE-VAE,100,0.1,0.001,1,1,1,0.0005,600,0.4,Adam
1.0,0.9354365079365079,0.8782635830371899,E-CDE-VAE,100,0.1,0.001,1,1,1,0.0005,600,0.4,Adam
0.3866666666666666,0.4726984126984126,0.5126990783124684,E-CDE-VAE,100,0.1,0.001,1,1,1,0.0005,600,0.4,Adam
0.0,0.01,0.10218751406831902,E-CDE-VAE,100,0.1,0.001,1,1,1,0.0005,600,0.4,Adam
1.0,1.0,1.0,E-CDE-VAE,100,0.1,0.001,1,1,1,0.0005,600,0.4,Adam
1.0,0.99,0.8513329801003948,E-CDE-VAE,100,0.1,0.001,1,1,1,0.0005,600,0.4,Adam
0.25666666666666665,0.24079365079365084,0.25448782190461755,E-CDE-VAE,100,0.1,0.001,1,1,1,0.0005,600,0.4,Adam
0.0,0.06472222222222221,0.19933732181990696,E-CDE-VAE,100,0.1,0.001,1,1,1,0.0005,600,0.4,Adam
1.0,1.0,1.0,E-CDE-VAE,100,0.1,0.001,1,1,1,0.0005,600,0.4,Adam
0.8699999999999999,0.7243650793650793,0.6890658518038548,E-CDE-VAE,100,0.1,0.001,1,1,1,0.0005,600,0.4,Adam
0.8033333333333333,0.7414285714285713,0.685626443989447,E-CDE-VAE,100,0.1,0.001,1,1,1,0.0005,600,0.4,Adam
0.6133333333333333,0.5003571428571428,0.4236765008727083,E-CDE-VAE,100,0.1,0.001,1,1,1,0.0005,600,0.4,Adam
0.8699999999999999,0.7243650793650793,0.6881608744282892,E-CDE-VAE,100,0.1,0.001,1,1,1,0.0005,600,0.4,Adam
1.0,1.0,1.0,E-CDE-VAE,100,0.1,0.001,1,1,1,0.0005,600,0.4,Adam
0.25666666666666665,0.24079365079365084,0.20603385563524884,E-CDE-VAE,100,0.1,0.001,1,1,1,0.0005,600,0.4,Adam
1.0,0.9521031746031747,0.8710974648416598,E-CDE-VAE,100,0.1,0.001,1,1,1,0.0005,600,0.4,Adam
1.0,0.966388888888889,0.9250294253390228,E-CDE-VAE,100,0.1,0.001,1,1,1,0.0005,600,0.4,Adam
0.3866666666666666,0.456031746031746,0.47034105041844976,E-CDE-VAE,100,0.1,0.001,1,1,1,0.0005,600,0.4,Adam
0.19666666666666666,0.23746031746031743,0.26191451801552423,E-CDE-VAE,100,0.1,0.001,1,1,1,0.0005,600,0.4,Adam
0.0,0.0790079365079365,0.19201813880993449,E-CDE-VAE,100,0.1,0.001,1,1,1,0.0005,600,0.4,Adam
0.0,0.0,0.0,E-CDE-VAE,100,0.1,0.001,1,1,1,0.0005,600,0.4,Adam
0.13,0.31658730158730164,0.42701194380954444,E-CDE-VAE,100,0.1,0.001,1,1,1,0.0005,600,0.4,Adam
1.0,1.0,1.0,E-CDE-VAE,100,0.1,0.001,1,1,1,0.0005,600,0.4,Adam
0.5866666666666667,0.566031746031746,0.5809671939257852,E-CDE-VAE,100,0.1,0.001,1,1,1,0.0005,600,0.4,Adam
0.3866666666666666,0.5305952380952381,0.6290433384125336,E-CDE-VAE,100,0.1,0.001,1,1,1,0.0005,600,0.4,Adam
0.7033333333333334,0.7014285714285714,0.6787402746032777,E-CDE-VAE,100,0.1,0.001,1,1,1,0.0005,600,0.4,Adam
0.5033333333333333,0.5243650793650794,0.5577814520790527,E-CDE-VAE,100,0.1,0.001,1,1,1,0.0005,600,0.4,Adam
0.4133333333333333,0.5029761904761905,0.5346694252170259,E-CDE-VAE,100,0.1,0.001,1,1,1,0.0005,600,0.4,Adam
0.13,0.2756349206349206,0.30976090258211,E-CDE-VAE,100,0.1,0.001,1,1,1,0.0005,600,0.4,Adam
0.0,0.0,0.0,E-CDE-VAE,100,0.1,0.001,1,1,1,0.0005,600,0.4,Adam
0.4133333333333333,0.38369047619047614,0.33981395410574977,E-CDE-VAE,100,0.1,0.001,1,1,1,0.0005,600,0.4,Adam
0.0,0.06456349206349207,0.13865312662913282,E-CDE-VAE,100,0.1,0.001,1,1,1,0.0005,600,0.4,Adam
0.3466666666666667,0.40063492063492073,0.38627020103219795,E-CDE-VAE,100,0.1,0.001,1,1,1,0.0005,600,0.4,Adam
0.45666666666666667,0.46007936507936503,0.5081483716661735,E-CDE-VAE,100,0.1,0.001,1,1,1,0.0005,600,0.4,Adam
0.0,0.08567460317460318,0.19726435093114658,E-CDE-VAE,100,0.1,0.001,1,1,1,0.0005,600,0.4,Adam
0.15666666666666665,0.26535714285714285,0.3900118350002251,E-CDE-VAE,100,0.1,0.001,1,1,1,0.0005,600,0.4,Adam
0.13,0.2631349206349206,0.31509515166635904,E-CDE-VAE,100,0.1,0.001,1,1,1,0.0005,600,0.4,Adam
1.0,0.9309920634920636,0.8777385963279928,E-CDE-VAE,100,0.1,0.001,1,1,1,0.0005,600,0.4,Adam
0.09,0.20773809523809522,0.24538674023774645,E-CDE-VAE,100,0.1,0.001,1,1,1,0.0005,600,0.4,Adam
0.3866666666666666,0.40813492063492063,0.43562694507934435,E-CDE-VAE,100,0.1,0.001,1,1,1,0.0005,600,0.4,Adam
0.5433333333333333,0.6634920634920635,0.6665986354976292,E-CDE-VAE,100,0.1,0.001,1,1,1,0.0005,600,0.4,Adam
0.8699999999999999,0.6286904761904761,0.5234563817245707,E-CDE-VAE,100,0.1,0.001,1,1,1,0.0005,600,0.4,Adam
1.0,1.0,1.0,E-CDE-VAE,100,0.1,0.001,1,1,1,0.0005,600,0.4,Adam
0.09,0.11956349206349207,0.18684165378824819,E-CDE-VAE,100,0.1,0.001,1,1,1,0.0005,600,0.4,Adam
0.19666666666666666,0.373531746031746,0.48613445206324457,E-CDE-VAE,100,0.1,0.001,1,1,1,0.0005,600,0.4,Adam
0.8699999999999999,0.7313095238095239,0.5962438281962276,E-CDE-VAE,100,0.1,0.001,1,1,1,0.0005,600,0.4,Adam
0.0,0.043611111111111114,0.09118269587309835,E-CDE-VAE,100,0.1,0.001,1,1,1,0.0005,600,0.4,Adam
0.13,0.19412698412698412,0.19165885563524881,E-CDE-VAE,100,0.1,0.001,1,1,1,0.0005,600,0.4,Adam
0.7033333333333334,0.641031746031746,0.6597451235125383,E-CDE-VAE,100,0.1,0.001,1,1,1,0.0005,600,0.4,Adam
0.04,0.10567460317460317,0.17333400646481145,E-CDE-VAE,100,0.1,0.001,1,1,1,0.0005,600,0.4,Adam
0.9099999999999999,0.8568253968253968,0.8450600248994213,E-CDE-VAE,100,0.1,0.001,1,1,1,0.0005,600,0.4,Adam
0.8433333333333334,0.8359920634920635,0.8223292396028464,E-CDE-VAE,100,0.1,0.001,1,1,1,0.0005,600,0.4,Adam
0.96,0.915436507936508,0.8883411136507112,E-CDE-VAE,100,0.1,0.001,1,1,1,0.0005,600,0.4,Adam
0.13,0.2631349206349206,0.2993464355132312,E-CDE-VAE,100,0.1,0.001,1,1,1,0.0005,600,0.4,Adam
0.9099999999999999,0.7711507936507936,0.7137441340479265,E-CDE-VAE,100,0.1,0.001,1,1,1,0.0005,600,0.4,Adam
0.96,0.850873015873016,0.8376790725184688,E-CDE-VAE,100,0.1,0.001,1,1,1,0.0005,600,0.4,Adam
0.04,0.1392857142857143,0.27632994821655815,E-CDE-VAE,100,0.1,0.001,1,1,1,0.0005,600,0.4,Adam
1.0,1.0,1.0,E-CDE-VAE,100,0.1,0.001,1,1,1,0.0005,600,0.4,Adam
0.0,0.0,0.0,E-CDE-VAE,100,0.1,0.001,1,1,1,0.0005,600,0.4,Adam
1.0,1.0,1.0,E-CDE-VAE,100,0.1,0.001,1,1,1,0.0005,600,0.4,Adam
0.7533333333333333,0.7264285714285714,0.6897163562701487,E-CDE-VAE,100,0.1,0.001,1,1,1,0.0005,600,0.4,Adam
0.9099999999999999,0.8804365079365081,0.7932179007353156,E-CDE-VAE,100,0.1,0.001,1,1,1,0.0005,600,0.4,Adam
0.5433333333333333,0.6634920634920635,0.6309094738680652,E-CDE-VAE,100,0.1,0.001,1,1,1,0.0005,600,0.4,Adam
0.04,0.09456349206349206,0.17371140168740787,E-CDE-VAE,100,0.1,0.001,1,1,1,0.0005,600,0.4,Adam
0.6133333333333333,0.6029761904761904,0.575052326629339,E-CDE-VAE,100,0.1,0.001,1,1,1,0.0005,600,0.4,Adam
0.9099999999999999,0.8568253968253968,0.7283789050217069,E-CDE-VAE,100,0.1,0.001,1,1,1,0.0005,600,0.4,Adam
0.9099999999999999,0.8357142857142857,0.6758186028367917,E-CDE-VAE,100,0.1,0.001,1,1,1,0.0005,600,0.4,Adam
0.0,0.0,0.0,E-CDE-VAE,100,0.1,0.001,1,1,1,0.0005,600,0.4,Adam
0.04,0.09456349206349206,0.14305200196260565,E-CDE-VAE,100,0.1,0.001,1,1,1,0.0005,600,0.4,Adam
0.6533333333333333,0.6875396825396825,0.6726597323385249,E-CDE-VAE,100,0.1,0.001,1,1,1,0.0005,600,0.4,Adam
1.0,1.0,0.973988125952135,E-CDE-VAE,100,0.1,0.001,1,1,1,0.0005,600,0.4,Adam
0.96,0.8408730158730158,0.7874849917883975,E-CDE-VAE,100,0.1,0.001,1,1,1,0.0005,600,0.4,Adam
0.0,0.0,0.0,E-CDE-VAE,100,0.1,0.001,1,1,1,0.0005,600,0.4,Adam
1.0,0.9788888888888889,0.8911741885135849,E-CDE-VAE,100,0.1,0.001,1,1,1,0.0005,600,0.4,Adam
0.0,0.05789682539682539,0.18822140041760788,E-CDE-VAE,100,0.1,0.001,1,1,1,0.0005,600,0.4,Adam
1.0,1.0,1.0,E-CDE-VAE,100,0.1,0.001,1,1,1,0.0005,600,0.4,Adam
0.4966666666666666,0.3874603174603174,0.45452858867139045,E-CDE-VAE,100,0.1,0.001,1,1,1,0.0005,600,0.4,Adam
0.9099999999999999,0.8804365079365081,0.8444479980373945,E-CDE-VAE,100,0.1,0.001,1,1,1,0.0005,600,0.4,Adam
0.0,0.0,0.0,E-CDE-VAE,100,0.1,0.001,1,1,1,0.0005,600,0.4,Adam
0.19666666666666666,0.2610714285714285,0.2555778737086787,E-CDE-VAE,100,0.1,0.001,1,1,1,0.0005,600,0.4,Adam
0.7533333333333333,0.601468253968254,0.5200916726032825,E-CDE-VAE,100,0.1,0.001,1,1,1,0.0005,600,0.4,Adam
0.19666666666666666,0.3300793650793651,0.47623971960272266,E-CDE-VAE,100,0.1,0.001,1,1,1,0.0005,600,0.4,Adam
0.45666666666666667,0.2928968253968254,0.21332555301595552,E-CDE-VAE,100,0.1,0.001,1,1,1,0.0005,600,0.4,Adam
0.19666666666666666,0.22746031746031745,0.2244552259316191,E-CDE-VAE,100,0.1,0.001,1,1,1,0.0005,600,0.4,Adam
0.4966666666666666,0.458968253968254,0.48456360267699283,E-CDE-VAE,100,0.1,0.001,1,1,1,0.0005,600,0.4,Adam
0.0,0.0,0.0025,E-CDE-VAE,100,0.1,0.001,1,1,1,0.0005,600,0.4,Adam
0.25666666666666665,0.1928968253968254,0.1685889649995687,E-CDE-VAE,100,0.1,0.001,1,1,1,0.0005,600,0.4,Adam
0.0,0.0,0.0,E-CDE-VAE,100,0.1,0.001,1,1,1,0.0005,600,0.4,Adam
0.09,0.15746031746031747,0.21032115523795086,E-CDE-VAE,100,0.1,0.001,1,1,1,0.0005,600,0.4,Adam
0.5433333333333333,0.7071031746031746,0.7866744469840445,E-CDE-VAE,100,0.1,0.001,1,1,1,0.0005,600,0.4,Adam
0.7433333333333334,0.7214285714285715,0.6420560407944309,E-CDE-VAE,100,0.1,0.001,1,1,1,0.0005,600,0.4,Adam
0.09,0.15746031746031747,0.25593701297842164,E-CDE-VAE,100,0.1,0.001,1,1,1,0.0005,600,0.4,Adam
1.0,0.99,0.9326683142279117,E-CDE-VAE,100,0.1,0.001,1,1,1,0.0005,600,0.4,Adam
0.09,0.20107142857142857,0.27549197706318446,E-CDE-VAE,100,0.1,0.001,1,1,1,0.0005,600,0.4,Adam
0.8699999999999999,0.8058730158730159,0.741996853550646,E-CDE-VAE,100,0.1,0.001,1,1,1,0.0005,600,0.4,Adam
0.0,0.03111111111111111,0.08756427482046678,E-CDE-VAE,100,0.1,0.001,1,1,1,0.0005,600,0.4,Adam
0.15666666666666665,0.1640079365079365,0.24169442958142645,E-CDE-VAE,100,0.1,0.001,1,1,1,0.0005,600,0.4,Adam
1.0,0.966388888888889,0.8889606688890744,E-CDE-VAE,100,0.1,0.001,1,1,1,0.0005,600,0.4,Adam
0.7533333333333333,0.6829761904761906,0.6837673951005994,E-CDE-VAE,100,0.1,0.001,1,1,1,0.0005,600,0.4,Adam
0.5466666666666666,0.40246031746031746,0.2681072990477015,E-CDE-VAE,100,0.1,0.001,1,1,1,0.0005,600,0.4,Adam
0.25666666666666665,0.24079365079365084,0.31681950767670586,E-CDE-VAE,100,0.1,0.001,1,1,1,0.0005,600,0.4,Adam
0.8699999999999999,0.7368650793650793,0.6654181413701539,E-CDE-VAE,100,0.1,0.001,1,1,1,0.0005,600,0.4,Adam
0.0,0.07456349206349207,0.18521669678790423,E-CDE-VAE,100,0.1,0.001,1,1,1,0.0005,600,0.4,Adam
0.0,0.0,0.0,E-CDE-VAE,100,0.1,0.001,1,1,1,0.0005,600,0.4,Adam
1.0,1.0,1.0,E-CDE-VAE,100,0.1,0.001,1,1,1,0.0005,600,0.4,Adam
0.19666666666666666,0.32313492063492066,0.4510538689466708,E-CDE-VAE,100,0.1,0.001,1,1,1,0.0005,600,0.4,Adam
0.9099999999999999,0.7232539682539683,0.661698710216512,E-CDE-VAE,100,0.1,0.001,1,1,1,0.0005,600,0.4,Adam
0.45666666666666667,0.34079365079365076,0.28742697124856564,E-CDE-VAE,100,0.1,0.001,1,1,1,0.0005,600,0.4,Adam
1.0,0.8664285714285714,0.8189230420422371,E-CDE-VAE,100,0.1,0.001,1,1,1,0.0005,600,0.4,Adam
0.8433333333333334,0.8471031746031746,0.8401989137883102,E-CDE-VAE,100,0.1,0.001,1,1,1,0.0005,600,0.4,Adam
0.4966666666666666,0.4110714285714286,0.32316029129109625,E-CDE-VAE,100,0.1,0.001,1,1,1,0.0005,600,0.4,Adam
0.8033333333333333,0.6532539682539683,0.5723759986143888,E-CDE-VAE,100,0.1,0.001,1,1,1,0.0005,600,0.4,Adam
1.0,1.0,1.0,E-CDE-VAE,100,0.1,0.001,1,1,1,0.0005,600,0.4,Adam
0.09,0.17857142857142855,0.2566837020049094,E-CDE-VAE,100,0.1,0.001,1,1,1,0.0005,600,0.4,Adam
0.0,0.021111111111111112,0.06487442081482328,E-CDE-VAE,100,0.1,0.001,1,1,1,0.0005,600,0.4,Adam
1.0,1.0,0.9920906432748536,E-CDE-VAE,100,0.1,0.001,1,1,1,0.0005,600,0.4,Adam
0.5033333333333333,0.5368650793650793,0.563753674301275,E-CDE-VAE,100,0.1,0.001,1,1,1,0.0005,600,0.4,Adam
1.0,1.0,0.9826911334709321,E-CDE-VAE,100,0.1,0.001,1,1,1,0.0005,600,0.4,Adam
0.04,0.18718253968253967,0.2676129350955202,E-CDE-VAE,100,0.1,0.001,1,1,1,0.0005,600,0.4,Adam
0.7033333333333334,0.6143650793650794,0.5391036124608106,E-CDE-VAE,100,0.1,0.001,1,1,1,0.0005,600,0.4,Adam
1.0,1.0,1.0,E-CDE-VAE,100,0.1,0.001,1,1,1,0.0005,600,0.4,Adam
0.25666666666666665,0.24761904761904757,0.28921868529647166,E-CDE-VAE,100,0.1,0.001,1,1,1,0.0005,600,0.4,Adam
1.0,1.0,0.9587980178576154,E-CDE-VAE,100,0.1,0.001,1,1,1,0.0005,600,0.4,Adam
0.25666666666666665,0.20289682539682538,0.19433742706382023,E-CDE-VAE,100,0.1,0.001,1,1,1,0.0005,600,0.4,Adam
0.0,0.0790079365079365,0.19520552740173486,E-CDE-VAE,100,0.1,0.001,1,1,1,0.0005,600,0.4,Adam
0.0,0.0,0.0,E-CDE-VAE,100,0.1,0.001,1,1,1,0.0005,600,0.4,Adam
0.0,0.0,0.0,E-CDE-VAE,100,0.1,0.001,1,1,1,0.0005,600,0.4,Adam
0.4133333333333333,0.4550793650793651,0.47437308563469555,E-CDE-VAE,100,0.1,0.001,1,1,1,0.0005,600,0.4,Adam
1.0,1.0,1.0,E-CDE-VAE,100,0.1,0.001,1,1,1,0.0005,600,0.4,Adam
0.04,0.15912698412698412,0.2292998848416805,E-CDE-VAE,100,0.1,0.001,1,1,1,0.0005,600,0.4,Adam
1.0,1.0,1.0,E-CDE-VAE,100,0.1,0.001,1,1,1,0.0005,600,0.4,Adam
1.0,1.0,0.919950090973698,E-CDE-VAE,100,0.1,0.001,1,1,1,0.0005,600,0.4,Adam
0.24666666666666667,0.25246031746031744,0.24388530458189903,E-CDE-VAE,100,0.1,0.001,1,1,1,0.0005,600,0.4,Adam
0.4533333333333333,0.5018650793650794,0.5624797989678021,E-CDE-VAE,100,0.1,0.001,1,1,1,0.0005,600,0.4,Adam
0.5466666666666666,0.48396825396825405,0.5079141358727273,E-CDE-VAE,100,0.1,0.001,1,1,1,0.0005,600,0.4,Adam
0.0,0.0,0.08945467093106413,E-CDE-VAE,100,0.1,0.001,1,1,1,0.0005,600,0.4,Adam
1.0,0.956388888888889,0.8531522850214802,E-CDE-VAE,100,0.1,0.001,1,1,1,0.0005,600,0.4,Adam
0.45666666666666667,0.3574603174603174,0.30426409246068686,E-CDE-VAE,100,0.1,0.001,1,1,1,0.0005,600,0.4,Adam
1.0,1.0,1.0,E-CDE-VAE,100,0.1,0.001,1,1,1,0.0005,600,0.4,Adam
0.15666666666666665,0.18650793650793648,0.27837017922737733,E-CDE-VAE,100,0.1,0.001,1,1,1,0.0005,600,0.4,Adam
0.5033333333333333,0.4553571428571429,0.363932852063657,E-CDE-VAE,100,0.1,0.001,1,1,1,0.0005,600,0.4,Adam
0.0,0.0,0.0,E-CDE-VAE,100,0.1,0.001,1,1,1,0.0005,600,0.4,Adam
0.5033333333333333,0.5368650793650793,0.5599075204551212,E-CDE-VAE,100,0.1,0.001,1,1,1,0.0005,600,0.4,Adam
0.5033333333333333,0.5579761904761906,0.5206896652968634,E-CDE-VAE,100,0.1,0.001,1,1,1,0.0005,600,0.4,Adam
0.09,0.17857142857142855,0.2566837020049094,E-CDE-VAE,100,0.1,0.001,1,1,1,0.0005,600,0.4,Adam
0.25666666666666665,0.1928968253968254,0.16512240597379915,E-CDE-VAE,100,0.1,0.001,1,1,1,0.0005,600,0.4,Adam
0.6133333333333333,0.4836904761904761,0.38385470502150065,E-CDE-VAE,100,0.1,0.001,1,1,1,0.0005,600,0.4,Adam
0.0,0.0,0.0,E-CDE-VAE,100,0.1,0.001,1,1,1,0.0005,600,0.4,Adam
0.0,0.0,0.0,E-CDE-VAE,100,0.1,0.001,1,1,1,0.0005,600,0.4,Adam
1.0,1.0,1.0,E-CDE-VAE,100,0.1,0.001,1,1,1,0.0005,600,0.4,Adam
0.0,0.03111111111111111,0.1447643816451866,E-CDE-VAE,100,0.1,0.001,1,1,1,0.0005,600,0.4,Adam
0.0,0.10261904761904761,0.23327016593657462,E-CDE-VAE,100,0.1,0.001,1,1,1,0.0005,600,0.4,Adam
0.8033333333333333,0.7289285714285714,0.6252732220050331,E-CDE-VAE,100,0.1,0.001,1,1,1,0.0005,600,0.4,Adam
0.19666666666666666,0.22746031746031745,0.29447867964508834,E-CDE-VAE,100,0.1,0.001,1,1,1,0.0005,600,0.4,Adam
0.09,0.14067460317460317,0.25077622497901136,E-CDE-VAE,100,0.1,0.001,1,1,1,0.0005,600,0.4,Adam
0.25666666666666665,0.20289682539682538,0.22649057212137708,E-CDE-VAE,100,0.1,0.001,1,1,1,0.0005,600,0.4,Adam
0.5866666666666667,0.6063095238095237,0.6328757867089909,E-CDE-VAE,100,0.1,0.001,1,1,1,0.0005,600,0.4,Adam
0.0,0.021111111111111112,0.07662993138612334,E-CDE-VAE,100,0.1,0.001,1,1,1,0.0005,600,0.4,Adam
0.0,0.12928571428571428,0.2556934115506097,E-CDE-VAE,100,0.1,0.001,1,1,1,0.0005,600,0.4,Adam
0.2966666666666667,0.346468253968254,0.3260955197623154,E-CDE-VAE,100,0.1,0.001,1,1,1,0.0005,600,0.4,Adam
0.25666666666666665,0.295515873015873,0.39340733355052243,E-CDE-VAE,100,0.1,0.001,1,1,1,0.0005,600,0.4,Adam
1.0,1.0,1.0,E-CDE-VAE,100,0.1,0.001,1,1,1,0.0005,600,0.4,Adam
0.8033333333333333,0.616468253968254,0.539793611746011,E-CDE-VAE,100,0.1,0.001,1,1,1,0.0005,600,0.4,Adam
1.0,0.966388888888889,0.8752629134711178,E-CDE-VAE,100,0.1,0.001,1,1,1,0.0005,600,0.4,Adam
0.15666666666666665,0.2076190476190476,0.348494008571408,E-CDE-VAE,100,0.1,0.001,1,1,1,0.0005,600,0.4,Adam
0.7433333333333334,0.7214285714285715,0.7261677469417406,E-CDE-VAE,100,0.1,0.001,1,1,1,0.0005,600,0.4,Adam
1.0,0.9209920634920635,0.8058614560104498,E-CDE-VAE,100,0.1,0.001,1,1,1,0.0005,600,0.4,Adam
0.5866666666666667,0.5615873015873015,0.5033099616671598,E-CDE-VAE,100,0.1,0.001,1,1,1,0.0005,600,0.4,Adam
0.24666666666666667,0.4296428571428571,0.5957458281742337,E-CDE-VAE,100,0.1,0.001,1,1,1,0.0005,600,0.4,Adam
0.25666666666666665,0.2719047619047619,0.37587190844930785,E-CDE-VAE,100,0.1,0.001,1,1,1,0.0005,600,0.4,Adam
0.0,0.0,0.017308866529067764,E-CDE-VAE,100,0.1,0.001,1,1,1,0.0005,600,0.4,Adam
0.4533333333333333,0.45396825396825397,0.44645038849179713,E-CDE-VAE,100,0.1,0.001,1,1,1,0.0005,600,0.4,Adam
1.0,0.9521031746031747,0.8283322798202828,E-CDE-VAE,100,0.1,0.001,1,1,1,0.0005,600,0.4,Adam
0.2966666666666667,0.346468253968254,0.3260955197623154,E-CDE-VAE,100,0.1,0.001,1,1,1,0.0005,600,0.4,Adam
0.45666666666666667,0.3574603174603174,0.29971863791523234,E-CDE-VAE,100,0.1,0.001,1,1,1,0.0005,600,0.4,Adam
0.4966666666666666,0.446468253968254,0.39042697777798396,E-CDE-VAE,100,0.1,0.001,1,1,1,0.0005,600,0.4,Adam
0.19666666666666666,0.2920238095238096,0.30709225178845917,E-CDE-VAE,100,0.1,0.001,1,1,1,0.0005,600,0.4,Adam
0.13,0.37130952380952376,0.4729721897040008,E-CDE-VAE,100,0.1,0.001,1,1,1,0.0005,600,0.4,Adam
0.0,0.09567460317460316,0.2201603386723356,E-CDE-VAE,100,0.1,0.001,1,1,1,0.0005,600,0.4,Adam
0.0,0.0,0.0,E-CDE-VAE,100,0.1,0.001,1,1,1,0.0005,600,0.4,Adam
0.04,0.1927380952380952,0.2665393069263038,E-CDE-VAE,100,0.1,0.001,1,1,1,0.0005,600,0.4,Adam
1.0,1.0,0.9826911334709321,E-CDE-VAE,100,0.1,0.001,1,1,1,0.0005,600,0.4,Adam
0.3866666666666666,0.39702380952380956,0.36399701369322107,E-CDE-VAE,100,0.1,0.001,1,1,1,0.0005,600,0.4,Adam
0.6533333333333333,0.6875396825396825,0.7012104819844757,E-CDE-VAE,100,0.1,0.001,1,1,1,0.0005,600,0.4,Adam
1.0,0.968888888888889,0.9096579474017554,E-CDE-VAE,100,1.0,0.001,1,1,1,0.0005,600,0.4,Adam
0.4966666666666666,0.490079365079365,0.5831260021797946,E-CDE-VAE,100,1.0,0.001,1,1,1,0.0005,600,0.4,Adam
0.4533333333333333,0.5496428571428572,0.5913696846668983,E-CDE-VAE,100,1.0,0.001,1,1,1,0.0005,600,0.4,Adam
1.0,0.9018253968253969,0.7832529454549579,E-CDE-VAE,100,1.0,0.001,1,1,1,0.0005,600,0.4,Adam
0.3466666666666667,0.3360714285714285,0.26835142476202856,E-CDE-VAE,100,1.0,0.001,1,1,1,0.0005,600,0.4,Adam
1.0,0.9521031746031747,0.8939950993279167,E-CDE-VAE,100,1.0,0.001,1,1,1,0.0005,600,0.4,Adam
0.96,0.8464285714285715,0.6821103432171542,E-CDE-VAE,100,1.0,0.001,1,1,1,0.0005,600,0.4,Adam
1.0,0.99,0.9202135029573111,E-CDE-VAE,100,1.0,0.001,1,1,1,0.0005,600,0.4,Adam
1.0,0.9788888888888889,0.8764687857721913,E-CDE-VAE,100,1.0,0.001,1,1,1,0.0005,600,0.4,Adam
0.5466666666666666,0.40246031746031746,0.2889875941481979,E-CDE-VAE,100,1.0,0.001,1,1,1,0.0005,600,0.4,Adam
1.0,1.0,1.0,E-CDE-VAE,100,1.0,0.001,1,1,1,0.0005,600,0.4,Adam
0.4533333333333333,0.42035714285714293,0.3235352175774003,E-CDE-VAE,100,1.0,0.001,1,1,1,0.0005,600,0.4,Adam
1.0,0.9452777777777779,0.8142945814075844,E-CDE-VAE,100,1.0,0.001,1,1,1,0.0005,600,0.4,Adam
0.7533333333333333,0.6493650793650794,0.6690433691265734,E-CDE-VAE,100,1.0,0.001,1,1,1,0.0005,600,0.4,Adam
0.0,0.03111111111111111,0.1669554185924155,E-CDE-VAE,100,1.0,0.001,1,1,1,0.0005,600,0.4,Adam
0.0,0.05472222222222223,0.1773026408146377,E-CDE-VAE,100,1.0,0.001,1,1,1,0.0005,600,0.4,Adam
0.45666666666666667,0.34079365079365076,0.29553860226460843,E-CDE-VAE,100,1.0,0.001,1,1,1,0.0005,600,0.4,Adam
0.2966666666666667,0.421031746031746,0.5767615923807875,E-CDE-VAE,100,1.0,0.001,1,1,1,0.0005,600,0.4,Adam
1.0,0.9421031746031747,0.8023485209321123,E-CDE-VAE,100,1.0,0.001,1,1,1,0.0005,600,0.4,Adam
0.4966666666666666,0.490079365079365,0.5840589529579466,E-CDE-VAE,100,1.0,0.001,1,1,1,0.0005,600,0.4,Adam
0.13,0.2898015873015873,0.4668574096612022,E-CDE-VAE,100,1.0,0.001,1,1,1,0.0005,600,0.4,Adam
1.0,1.0,0.9179629114865184,E-CDE-VAE,100,1.0,0.001,1,1,1,0.0005,600,0.4,Adam
0.4533333333333333,0.5496428571428572,0.5869649227621363,E-CDE-VAE,100,1.0,0.001,1,1,1,0.0005,600,0.4,Adam
0.4133333333333333,0.4003571428571429,0.30049428190488564,E-CDE-VAE,100,1.0,0.001,1,1,1,0.0005,600,0.4,Adam
1.0,0.9043253968253968,0.7343394335712448,E-CDE-VAE,100,1.0,0.001,1,1,1,0.0005,600,0.4,Adam
0.0,0.06456349206349207,0.18055660906860596,E-CDE-VAE,100,1.0,0.001,1,1,1,0.0005,600,0.4,Adam
0.0,0.021111111111111112,0.1600559087884939,E-CDE-VAE,100,1.0,0.001,1,1,1,0.0005,600,0.4,Adam
0.0,0.03361111111111111,0.16508041859241548,E-CDE-VAE,100,1.0,0.001,1,1,1,0.0005,600,0.4,Adam
0.0,0.0,0.028893115613316856,E-CDE-VAE,100,1.0,0.001,1,1,1,0.0005,600,0.4,Adam
0.0,0.021111111111111112,0.15716375192574883,E-CDE-VAE,100,1.0,0.001,1,1,1,0.0005,600,0.4,Adam
0.45666666666666667,0.3574603174603174,0.31077669750270365,E-CDE-VAE,100,1.0,0.001,1,1,1,0.0005,600,0.4,Adam
0.4533333333333333,0.5496428571428572,0.5725338473016491,E-CDE-VAE,100,1.0,0.001,1,1,1,0.0005,600,0.4,Adam
0.5866666666666667,0.5996428571428571,0.6037459685137704,E-CDE-VAE,100,1.0,0.001,1,1,1,0.0005,600,0.4,Adam
0.0,0.06456349206349207,0.17487733735992247,E-CDE-VAE,100,1.0,0.001,1,1,1,0.0005,600,0.4,Adam
0.2966666666666667,0.3999206349206349,0.5080410177198103,E-CDE-VAE,100,1.0,0.001,1,1,1,0.0005,600,0.4,Adam
0.2966666666666667,0.421031746031746,0.5767615923807875,E-CDE-VAE,100,1.0,0.001,1,1,1,0.0005,600,0.4,Adam
1.0,1.0,1.0,E-CDE-VAE,100,1.0,0.001,1,1,1,0.0005,600,0.4,Adam
1.0,1.0,0.8877236420270476,E-CDE-VAE,100,1.0,0.001,1,1,1,0.0005,600,0.4,Adam
1.0,0.966388888888889,0.8735521191055247,E-CDE-VAE,100,1.0,0.001,1,1,1,0.0005,600,0.4,Adam
1.0,0.925436507936508,0.8505759286293341,E-CDE-VAE,100,1.0,0.001,1,1,1,0.0005,600,0.4,Adam
1.0,1.0,0.9659753054393146,E-CDE-VAE,100,1.0,0.001,1,1,1,0.0005,600,0.4,Adam
0.6533333333333333,0.6496428571428572,0.6289865174385298,E-CDE-VAE,100,1.0,0.001,1,1,1,0.0005,600,0.4,Adam
0.4133333333333333,0.3694047619047619,0.28501809142869516,E-CDE-VAE,100,1.0,0.001,1,1,1,0.0005,600,0.4,Adam
1.0,0.9788888888888889,0.9451553410899386,E-CDE-VAE,100,1.0,0.001,1,1,1,0.0005,600,0.4,Adam
0.7533333333333333,0.7264285714285714,0.6599617921638046,E-CDE-VAE,100,1.0,0.001,1,1,1,0.0005,600,0.4,Adam
0.2966666666666667,0.45464285714285707,0.5726868528358465,E-CDE-VAE,100,1.0,0.001,1,1,1,0.0005,600,0.4,Adam
1.0,1.0,1.0,E-CDE-VAE,100,1.0,0.001,1,1,1,0.0005,600,0.4,Adam
0.0,0.0,0.052885848671452386,E-CDE-VAE,100,1.0,0.001,1,1,1,0.0005,600,0.4,Adam
1.0,1.0,1.0,E-CDE-VAE,100,1.0,0.001,1,1,1,0.0005,600,0.4,Adam
1.0,1.0,0.9179629114865184,E-CDE-VAE,100,1.0,0.001,1,1,1,0.0005,600,0.4,Adam
1.0,0.9209920634920635,0.7193920892489003,E-CDE-VAE,100,1.0,0.001,1,1,1,0.0005,600,0.4,Adam
0.7533333333333333,0.6493650793650794,0.6582924533756576,E-CDE-VAE,100,1.0,0.001,1,1,1,0.0005,600,0.4,Adam
0.19666666666666666,0.27535714285714286,0.23799428190488564,E-CDE-VAE,100,1.0,0.001,1,1,1,0.0005,600,0.4,Adam
0.8033333333333333,0.703531746031746,0.7049706567082727,E-CDE-VAE,100,1.0,0.001,1,1,1,0.0005,600,0.4,Adam
0.2966666666666667,0.29857142857142854,0.24960142476202854,E-CDE-VAE,100,1.0,0.001,1,1,1,0.0005,600,0.4,Adam
1.0,1.0,1.0,E-CDE-VAE,100,1.0,0.001,1,1,1,0.0005,600,0.4,Adam
0.13,0.2898015873015873,0.45432764775644036,E-CDE-VAE,100,1.0,0.001,1,1,1,0.0005,600,0.4,Adam
0.5866666666666667,0.5826984126984126,0.6467443925183862,E-CDE-VAE,100,1.0,0.001,1,1,1,0.0005,600,0.4,Adam
0.96,0.894325396825397,0.825620863269857,E-CDE-VAE,100,1.0,0.001,1,1,1,0.0005,600,0.4,Adam
0.6133333333333333,0.531468253968254,0.5985412761902699,E-CDE-VAE,100,1.0,0.001,1,1,1,0.0005,600,0.4,Adam
0.6133333333333333,0.5818650793650793,0.6237396888886826,E-CDE-VAE,100,1.0,0.001,1,1,1,0.0005,600,0.4,Adam
0.2966666666666667,0.43353174603174593,0.5261927271215197,E-CDE-VAE,100,1.0,0.001,1,1,1,0.0005,600,0.4,Adam
0.2966666666666667,0.43353174603174593,0.577880013433419,E-CDE-VAE,100,1.0,0.001,1,1,1,0.0005,600,0.4,Adam
0.3466666666666667,0.36702380952380953,0.283827615238219,E-CDE-VAE,100,1.0,0.001,1,1,1,0.0005,600,0.4,Adam
1.0,0.9452777777777779,0.8147880024602161,E-CDE-VAE,100,1.0,0.001,1,1,1,0.0005,600,0.4,Adam
1.0,0.9184920634920637,0.7581477086295197,E-CDE-VAE,100,1.0,0.001,1,1,1,0.0005,600,0.4,Adam
0.2966666666666667,0.421031746031746,0.5479719405551448,E-CDE-VAE,100,1.0,0.001,1,1,1,0.0005,600,0.4,Adam
0.9099999999999999,0.8568253968253968,0.8198418016452071,E-CDE-VAE,100,1.0,0.001,1,1,1,0.0005,600,0.4,Adam
1.0,0.9788888888888889,0.8810142403176459,E-CDE-VAE,100,1.0,0.001,1,1,1,0.0005,600,0.4,Adam
0.5466666666666666,0.48813492063492064,0.5294605061690975,E-CDE-VAE,100,1.0,0.001,1,1,1,0.0005,600,0.4,Adam
0.0,0.0,0.05073832299451494,E-CDE-VAE,100,1.0,0.001,1,1,1,0.0005,600,0.4,Adam
0.0,0.05472222222222223,0.18008041859241547,E-CDE-VAE,100,1.0,0.001,1,1,1,0.0005,600,0.4,Adam
0.0,0.07456349206349207,0.14346135868775187,E-CDE-VAE,100,1.0,0.001,1,1,1,0.0005,600,0.4,Adam
0.0,0.03111111111111111,0.16799708525908214,E-CDE-VAE,100,1.0,0.001,1,1,1,0.0005,600,0.4,Adam
0.8433333333333334,0.7755952380952381,0.683610527973918,E-CDE-VAE,100,1.0,0.001,1,1,1,0.0005,600,0.4,Adam
0.96,0.8297619047619047,0.6677108334132327,E-CDE-VAE,100,1.0,0.001,1,1,1,0.0005,600,0.4,Adam
1.0,0.9521031746031747,0.867386340439746,E-CDE-VAE,100,1.0,0.001,1,1,1,0.0005,600,0.4,Adam
0.6133333333333333,0.45690476190476187,0.3287680914286952,E-CDE-VAE,100,1.0,0.001,1,1,1,0.0005,600,0.4,Adam
1.0,1.0,0.9425381279367349,E-CDE-VAE,100,1.0,0.001,1,1,1,0.0005,600,0.4,Adam
0.5466666666666666,0.47146825396825404,0.5142224109310023,E-CDE-VAE,100,1.0,0.001,1,1,1,0.0005,600,0.4,Adam
0.0,0.03361111111111111,0.16341375192574883,E-CDE-VAE,100,1.0,0.001,1,1,1,0.0005,600,0.4,Adam
0.4133333333333333,0.4003571428571429,0.308125860852254,E-CDE-VAE,100,1.0,0.001,1,1,1,0.0005,600,0.4,Adam
0.0,0.0815079365079365,0.2147345583123447,E-CDE-VAE,100,1.0,0.001,1,1,1,0.0005,600,0.4,Adam
0.0,0.0690079365079365,0.20744289164567803,E-CDE-VAE,100,1.0,0.001,1,1,1,0.0005,600,0.4,Adam
1.0,0.99,0.9536520731160824,E-CDE-VAE,100,1.0,0.001,1,1,1,0.0005,600,0.4,Adam
0.2966666666666667,0.421031746031746,0.5767615923807875,E-CDE-VAE,100,1.0,0.001,1,1,1,0.0005,600,0.4,Adam
0.0,0.0,0.0,E-CDE-VAE,100,1.0,0.001,1,1,1,0.0005,600,0.4,Adam
0.2966666666666667,0.421031746031746,0.5767615923807875,E-CDE-VAE,100,1.0,0.001,1,1,1,0.0005,600,0.4,Adam
1.0,0.9521031746031747,0.867386340439746,E-CDE-VAE,100,1.0,0.001,1,1,1,0.0005,600,0.4,Adam
0.2966666666666667,0.421031746031746,0.5479719405551448,E-CDE-VAE,100,1.0,0.001,1,1,1,0.0005,600,0.4,Adam
0.6133333333333333,0.5793650793650793,0.6210724307512232,E-CDE-VAE,100,1.0,0.001,1,1,1,0.0005,600,0.4,Adam
0.6133333333333333,0.543968253968254,0.6047912761902698,E-CDE-VAE,100,1.0,0.001,1,1,1,0.0005,600,0.4,Adam
0.4966666666666666,0.4856349206349206,0.5467314939102864,E-CDE-VAE,100,1.0,0.001,1,1,1,0.0005,600,0.4,Adam
0.6133333333333333,0.5650793650793651,0.6031786578574503,E-CDE-VAE,100,1.0,0.001,1,1,1,0.0005,600,0.4,Adam
0.04,0.2617460317460317,0.43715686317466507,E-CDE-VAE,100,1.0,0.001,1,1,1,0.0005,600,0.4,Adam
0.4966666666666666,0.49992063492063493,0.5662919334707259,E-CDE-VAE,100,1.0,0.001,1,1,1,0.0005,600,0.4,Adam
1.0,1.0,1.0,E-CDE-VAE,100,1.0,0.001,1,1,1,0.0005,600,0.4,Adam
1.0,0.9018253968253969,0.7765862787882911,E-CDE-VAE,100,1.0,0.001,1,1,1,0.0005,600,0.4,Adam
1.0,0.9521031746031747,0.8908700993279167,E-CDE-VAE,100,1.0,0.001,1,1,1,0.0005,600,0.4,Adam
0.4966666666666666,0.45646825396825397,0.5259054705184736,E-CDE-VAE,100,1.0,0.001,1,1,1,0.0005,600,0.4,Adam
0.0,0.0,0.0,E-CDE-VAE,100,1.0,0.001,1,1,1,0.0005,600,0.4,Adam
0.5466666666666666,0.40246031746031746,0.29283374799435175,E-CDE-VAE,100,1.0,0.001,1,1,1,0.0005,600,0.4,Adam
1.0,1.0,1.0,E-CDE-VAE,100,1.0,0.001,1,1,1,0.0005,600,0.4,Adam
0.6133333333333333,0.5650793650793651,0.6059167530955455,E-CDE-VAE,100,1.0,0.001,1,1,1,0.0005,600,0.4,Adam
1.0,1.0,0.9614298508938601,E-CDE-VAE,100,1.0,0.001,1,1,1,0.0005,600,0.4,Adam
0.7033333333333334,0.6579761904761906,0.6339865174385297,E-CDE-VAE,100,1.0,0.001,1,1,1,0.0005,600,0.4,Adam
0.5866666666666667,0.566031746031746,0.6352860591850529,E-CDE-VAE,100,1.0,0.001,1,1,1,0.0005,600,0.4,Adam
0.7433333333333334,0.7325396825396826,0.6634637762907888,E-CDE-VAE,100,1.0,0.001,1,1,1,0.0005,600,0.4,Adam
0.0,0.0,0.0,E-CDE-VAE,100,1.0,0.001,1,1,1,0.0005,600,0.4,Adam
0.0,0.047896825396825396,0.18786547559767372,E-CDE-VAE,100,1.0,0.001,1,1,1,0.0005,600,0.4,Adam
1.0,0.8564285714285715,0.6936773924390023,E-CDE-VAE,100,1.0,0.001,1,1,1,0.0005,600,0.4,Adam
0.2966666666666667,0.421031746031746,0.5518211469043511,E-CDE-VAE,100,1.0,0.001,1,1,1,0.0005,600,0.4,Adam
0.0,0.0,0.0,E-CDE-VAE,100,1.0,0.001,1,1,1,0.0005,600,0.4,Adam
0.0,0.047896825396825396,0.17396158644417156,E-CDE-VAE,100,1.0,0.001,1,1,1,0.0005,600,0.4,Adam
1.0,1.0,1.0,E-CDE-VAE,100,1.0,0.001,1,1,1,0.0005,600,0.4,Adam
1.0,1.0,1.0,E-CDE-VAE,100,1.0,0.001,1,1,1,0.0005,600,0.4,Adam
0.5466666666666666,0.546031746031746,0.6313522356556411,E-CDE-VAE,100,1.0,0.001,1,1,1,0.0005,600,0.4,Adam
0.5866666666666667,0.5951984126984126,0.6529943925183862,E-CDE-VAE,100,1.0,0.001,1,1,1,0.0005,600,0.4,Adam
0.0,0.047896825396825396,0.19567521487800127,E-CDE-VAE,100,1.0,0.001,1,1,1,0.0005,600,0.4,Adam
1.0,0.966388888888889,0.9364053410899388,E-CDE-VAE,100,1.0,0.001,1,1,1,0.0005,600,0.4,Adam
0.6133333333333333,0.45690476190476187,0.3287680914286952,E-CDE-VAE,100,1.0,0.001,1,1,1,0.0005,600,0.4,Adam
0.2966666666666667,0.423531746031746,0.5157833703963735,E-CDE-VAE,100,1.0,0.001,1,1,1,0.0005,600,0.4,Adam
0.0,0.0,0.0,E-CDE-VAE,100,1.0,0.001,1,1,1,0.0005,600,0.4,Adam
0.2966666666666667,0.34202380952380956,0.271327615238219,E-CDE-VAE,100,1.0,0.001,1,1,1,0.0005,600,0.4,Adam
1.0,0.966388888888889,0.9111857251795332,E-CDE-VAE,100,1.0,0.001,1,1,1,0.0005,600,0.4,Adam
1.0,1.0,1.0,E-CDE-VAE,100,1.0,0.001,1,1,1,0.0005,600,0.4,Adam
1.0,0.9184920634920637,0.7607792875768882,E-CDE-VAE,100,1.0,0.001,1,1,1,0.0005,600,0.4,Adam
0.0,0.01,0.16982204027482664,E-CDE-VAE,100,1.0,0.001,1,1,1,0.0005,600,0.4,Adam
0.0,0.0,0.0,E-CDE-VAE,100,1.0,0.001,1,1,1,0.0005,600,0.4,Adam
0.4966666666666666,0.468968253968254,0.5355604478940392,E-CDE-VAE,100,1.0,0.001,1,1,1,0.0005,600,0.4,Adam
0.5433333333333333,0.5778174603174604,0.48738598067738936,E-CDE-VAE,100,1.0,0.001,1,1,1,0.0005,600,0.4,Adam
0.0,0.0,0.0,E-CDE-VAE,100,1.0,0.001,1,1,1,0.0005,600,0.4,Adam
1.0,0.966388888888889,0.9309959843647924,E-CDE-VAE,100,1.0,0.001,1,1,1,0.0005,600,0.4,Adam
0.4966666666666666,0.490079365079365,0.5831260021797946,E-CDE-VAE,100,1.0,0.001,1,1,1,0.0005,600,0.4,Adam
0.2966666666666667,0.43353174603174593,0.577880013433419,E-CDE-VAE,100,1.0,0.001,1,1,1,0.0005,600,0.4,Adam
0.45666666666666667,0.4121825396825397,0.4675928468246579,E-CDE-VAE,100,1.0,0.001,1,1,1,0.0005,600,0.4,Adam
0.0,0.0815079365079365,0.21129496277716092,E-CDE-VAE,100,1.0,0.001,1,1,1,0.0005,600,0.4,Adam
0.4966666666666666,0.468968253968254,0.5340002975180993,E-CDE-VAE,100,1.0,0.001,1,1,1,0.0005,600,0.4,Adam
1.0,0.966388888888889,0.9337737621425702,E-CDE-VAE,100,1.0,0.001,1,1,1,0.0005,600,0.4,Adam
0.0,0.07456349206349207,0.14346135868775187,E-CDE-VAE,100,1.0,0.001,1,1,1,0.0005,600,0.4,Adam
0.2966666666666667,0.4446428571428571,0.562555273888478,E-CDE-VAE,100,1.0,0.001,1,1,1,0.0005,600,0.4,Adam
0.9099999999999999,0.7711507936507936,0.7493211161903113,E-CDE-VAE,100,1.0,0.001,1,1,1,0.0005,600,0.4,Adam
1.0,0.9143253968253969,0.7868994816672835,E-CDE-VAE,100,1.0,0.001,1,1,1,0.0005,600,0.4,Adam
0.0,0.06456349206349207,0.19619880893100705,E-CDE-VAE,100,1.0,0.001,1,1,1,0.0005,600,0.4,Adam
1.0,0.9452777777777779,0.8142945814075844,E-CDE-VAE,100,1.0,0.001,1,1,1,0.0005,600,0.4,Adam
1.0,0.9521031746031747,0.867386340439746,E-CDE-VAE,100,1.0,0.001,1,1,1,0.0005,600,0.4,Adam
1.0,1.0,0.9614298508938601,E-CDE-VAE,100,1.0,0.001,1,1,1,0.0005,600,0.4,Adam
1.0,0.9354365079365079,0.8646780071064126,E-CDE-VAE,100,1.0,0.001,1,1,1,0.0005,600,0.4,Adam
1.0,0.99,0.9590614298412283,E-CDE-VAE,100,1.0,0.001,1,1,1,0.0005,600,0.4,Adam
1.0,1.0,0.9659753054393146,E-CDE-VAE,100,1.0,0.001,1,1,1,0.0005,600,0.4,Adam
1.0,0.9354365079365079,0.8466698398780441,E-CDE-VAE,100,1.0,0.001,1,1,1,0.0005,600,0.4,Adam
0.96,0.894325396825397,0.8312458632698568,E-CDE-VAE,100,1.0,0.001,1,1,1,0.0005,600,0.4,Adam
1.0,0.8439285714285715,0.6874273924390023,E-CDE-VAE,100,1.0,0.001,1,1,1,0.0005,600,0.4,Adam
0.5466666666666666,0.48813492063492064,0.5325855061690975,E-CDE-VAE,100,1.0,0.001,1,1,1,0.0005,600,0.4,Adam
0.5866666666666667,0.6305952380952381,0.610896531444132,E-CDE-VAE,100,1.0,0.001,1,1,1,0.0005,600,0.4,Adam
0.3466666666666667,0.47964285714285715,0.574674032323026,E-CDE-VAE,100,1.0,0.001,1,1,1,0.0005,600,0.4,Adam
0.4133333333333333,0.4148015873015873,0.5402079428569365,E-CDE-VAE,100,1.0,0.001,1,1,1,0.0005,600,0.4,Adam
0.4133333333333333,0.4273015873015873,0.5439579428569365,E-CDE-VAE,100,1.0,0.001,1,1,1,0.0005,600,0.4,Adam
1.0,0.9043253968253968,0.7202573840847835,E-CDE-VAE,100,1.0,0.001,1,1,1,0.0005,600,0.4,Adam
1.0,1.0,1.0,E-CDE-VAE,100,1.0,0.001,1,1,1,0.0005,600,0.4,Adam
1.0,0.9354365079365079,0.8646780071064126,E-CDE-VAE,100,1.0,0.001,1,1,1,0.0005,600,0.4,Adam
0.4966666666666666,0.490079365079365,0.585273527856732,E-CDE-VAE,100,1.0,0.001,1,1,1,0.0005,600,0.4,Adam
0.4966666666666666,0.4731349206349206,0.5308044604174635,E-CDE-VAE,100,1.0,0.001,1,1,1,0.0005,600,0.4,Adam
0.2966666666666667,0.421031746031746,0.5767615923807875,E-CDE-VAE,100,1.0,0.001,1,1,1,0.0005,600,0.4,Adam
1.0,1.0,1.0,E-CDE-VAE,100,1.0,0.001,1,1,1,0.0005,600,0.4,Adam
0.2966666666666667,0.43353174603174593,0.5542219405551447,E-CDE-VAE,100,1.0,0.001,1,1,1,0.0005,600,0.4,Adam
0.4133333333333333,0.4148015873015873,0.5402079428569365,E-CDE-VAE,100,1.0,0.001,1,1,1,0.0005,600,0.4,Adam
0.6133333333333333,0.5793650793650793,0.6241974307512232,E-CDE-VAE,100,1.0,0.001,1,1,1,0.0005,600,0.4,Adam
1.0,1.0,1.0,E-CDE-VAE,100,1.0,0.001,1,1,1,0.0005,600,0.4,Adam
0.24666666666666667,0.3003571428571429,0.25049428190488565,E-CDE-VAE,100,1.0,0.001,1,1,1,0.0005,600,0.4,Adam
0.0,0.07456349206349207,0.1406835809099741,E-CDE-VAE,100,1.0,0.001,1,1,1,0.0005,600,0.4,Adam
1.0,0.8664285714285714,0.6990151051219161,E-CDE-VAE,100,1.0,0.001,1,1,1,0.0005,600,0.4,Adam
0.5466666666666666,0.47702380952380946,0.5170001887087801,E-CDE-VAE,100,1.0,0.001,1,1,1,0.0005,600,0.4,Adam
0.5466666666666666,0.40246031746031746,0.2757388779950699,E-CDE-VAE,100,1.0,0.001,1,1,1,0.0005,600,0.4,Adam
0.4966666666666666,0.490079365079365,0.5831260021797946,E-CDE-VAE,100,1.0,0.001,1,1,1,0.0005,600,0.4,Adam
0.4133333333333333,0.4148015873015873,0.5402079428569365,E-CDE-VAE,100,1.0,0.001,1,1,1,0.0005,600,0.4,Adam
0.45666666666666667,0.2928968253968254,0.2247622106136038,E-CDE-VAE,100,1.0,0.001,1,1,1,0.0005,600,0.4,Adam
0.0,0.0815079365079365,0.2258701792273774,E-CDE-VAE,100,1.0,0.001,1,1,1,0.0005,600,0.4,Adam
1.0,1.0,1.0,E-CDE-VAE,100,1.0,0.001,1,1,1,0.0005,600,0.4,Adam
0.0,0.05472222222222223,0.1293740571004503,E-CDE-VAE,100,1.0,0.001,1,1,1,0.0005,600,0.4,Adam
0.6133333333333333,0.5793650793650793,0.6232924533756576,E-CDE-VAE,100,1.0,0.001,1,1,1,0.0005,600,0.4,Adam
0.4133333333333333,0.4003571428571429,0.30299428190488564,E-CDE-VAE,100,1.0,0.001,1,1,1,0.0005,600,0.4,Adam
0.0,0.09817460317460318,0.2157821422643404,E-CDE-VAE,100,1.0,0.001,1,1,1,0.0005,600,0.4,Adam
0.0,0.0,0.0,E-CDE-VAE,100,1.0,0.001,1,1,1,0.0005,600,0.4,Adam
0.45666666666666667,0.46007936507936503,0.532497029544243,E-CDE-VAE,100,1.0,0.001,1,1,1,0.0005,600,0.4,Adam
1.0,0.9421031746031747,0.8192652305984348,E-CDE-VAE,100,1.0,0.001,1,1,1,0.0005,600,0.4,Adam
1.0,0.9354365079365079,0.8592880498414553,E-CDE-VAE,100,1.0,0.001,1,1,1,0.0005,600,0.4,Adam
0.5466666666666666,0.48813492063492064,0.5355266826396857,E-CDE-VAE,100,1.0,0.001,1,1,1,0.0005,600,0.4,Adam
0.0,0.021111111111111112,0.16099050631171374,E-CDE-VAE,100,1.0,0.001,1,1,1,0.0005,600,0.4,Adam
0.0,0.0690079365079365,0.21097930621150435,E-CDE-VAE,100,1.0,0.001,1,1,1,0.0005,600,0.4,Adam
1.0,1.0,0.9622326153808352,E-CDE-VAE,100,1.0,0.001,1,1,1,0.0005,600,0.4,Adam
1.0,1.0,1.0,E-CDE-VAE,100,1.0,0.001,1,1,1,0.0005,600,0.4,Adam
0.0,0.047896825396825396,0.19567521487800127,E-CDE-VAE,100,1.0,0.001,1,1,1,0.0005,600,0.4,Adam
0.0,0.0,0.0,E-CDE-VAE,100,1.0,0.001,1,1,1,0.0005,600,0.4,Adam
0.5866666666666667,0.5826984126984126,0.6436193925183862,E-CDE-VAE,100,1.0,0.001,1,1,1,0.0005,600,0.4,Adam
1.0,0.9018253968253969,0.7806494816672835,E-CDE-VAE,100,1.0,0.001,1,1,1,0.0005,600,0.4,Adam
1.0,1.0,1.0,E-CDE-VAE,100,1.0,0.001,1,1,1,0.0005,600,0.4,Adam
0.5466666666666666,0.48813492063492064,0.5325855061690975,E-CDE-VAE,100,1.0,0.001,1,1,1,0.0005,600,0.4,Adam
0.6533333333333333,0.6329761904761906,0.6285319719839844,E-CDE-VAE,100,1.0,0.001,1,1,1,0.0005,600,0.4,Adam
0.2966666666666667,0.421031746031746,0.5444035644867687,E-CDE-VAE,100,1.0,0.001,1,1,1,0.0005,600,0.4,Adam
1.0,0.9354365079365079,0.8714653374231549,E-CDE-VAE,100,1.0,0.001,1,1,1,0.0005,600,0.4,Adam
1.0,1.0,0.9179629114865184,E-CDE-VAE,100,1.0,0.001,1,1,1,0.0005,600,0.4,Adam
1.0,0.99,0.8859879267619206,E-CDE-VAE,100,1.0,0.001,1,1,1,0.0005,600,0.4,Adam
1.0,0.99,0.95642985089386,E-CDE-VAE,100,1.0,0.001,1,1,1,0.0005,600,0.4,Adam
0.0,0.0,0.0,E-CDE-VAE,100,1.0,0.001,1,1,1,0.0005,600,0.4,Adam
0.4966666666666666,0.49992063492063493,0.5454116383702295,E-CDE-VAE,100,1.0,0.001,1,1,1,0.0005,600,0.4,Adam
0.0,0.0790079365079365,0.22045571215849855,E-CDE-VAE,100,1.0,0.001,1,1,1,0.0005,600,0.4,Adam
0.4966666666666666,0.521031746031746,0.6267615923807874,E-CDE-VAE,100,1.0,0.001,1,1,1,0.0005,600,0.4,Adam
0.6133333333333333,0.45690476190476187,0.3287680914286952,E-CDE-VAE,100,1.0,0.001,1,1,1,0.0005,600,0.4,Adam
1.0,1.0,1.0,E-CDE-VAE,100,1.0,0.001,1,1,1,0.0005,600,0.4,Adam
0.2966666666666667,0.34202380952380956,0.271327615238219,E-CDE-VAE,100,1.0,0.001,1,1,1,0.0005,600,0.4,Adam
0.5466666666666666,0.546031746031746,0.618381297280291,E-CDE-VAE,100,1.0,0.001,1,1,1,0.0005,600,0.4,Adam
1.0,1.0,0.9186646658724833,E-CDE-VAE,100,1.0,0.001,1,1,1,0.0005,600,0.4,Adam
1.0,1.0,0.9622326153808352,E-CDE-VAE,100,1.0,0.001,1,1,1,0.0005,600,0.4,Adam
0.2966666666666667,0.421031746031746,0.5767615923807875,E-CDE-VAE,100,1.0,0.001,1,1,1,0.0005,600,0.4,Adam
1.0,0.9354365079365079,0.8466698398780441,E-CDE-VAE,100,1.0,0.001,1,1,1,0.0005,600,0.4,Adam
0.5466666666666666,0.493968253968254,0.550898160576953,E-CDE-VAE,100,1.0,0.001,1,1,1,0.0005,600,0.4,Adam
0.4533333333333333,0.5396428571428571,0.5711052758730777,E-CDE-VAE,100,1.0,0.001,1,1,1,0.0005,600,0.4,Adam
1.0,0.99,0.8797824655564593,E-CDE-VAE,100,1.0,0.001,1,1,1,0.0005,600,0.4,Adam
0.5033333333333333,0.5579761904761906,0.596996884264686,E-CDE-VAE,100,1.0,0.001,1,1,1,0.0005,600,0.4,Adam
0.5866666666666667,0.6163095238095238,0.6107991288467295,E-CDE-VAE,100,1.0,0.001,1,1,1,0.0005,600,0.4,Adam
0.0,0.01,0.15251317374575887,E-CDE-VAE,100,1.0,0.001,1,1,1,0.0005,600,0.4,Adam
1.0,0.99,0.95642985089386,E-CDE-VAE,100,1.0,0.001,1,1,1,0.0005,600,0.4,Adam
0.4533333333333333,0.5496428571428572,0.5782528015500151,E-CDE-VAE,100,1.0,0.001,1,1,1,0.0005,600,0.4,Adam
1.0,1.0,1.0,E-CDE-VAE,100,1.0,0.001,1,1,1,0.0005,600,0.4,Adam
0.24666666666666667,0.3003571428571429,0.25049428190488565,E-CDE-VAE,100,1.0,0.001,1,1,1,0.0005,600,0.4,Adam
0.0,0.03111111111111111,0.17112208525908215,E-CDE-VAE,100,1.0,0.001,1,1,1,0.0005,600,0.4,Adam
1.0,0.99,0.9180750909736979,E-CDE-VAE,100,1.0,0.001,1,1,1,0.0005,600,0.4,Adam
1.0,1.0,0.9179629114865184,E-CDE-VAE,100,1.0,0.001,1,1,1,0.0005,600,0.4,Adam
0.0,0.0,0.0,E-CDE-VAE,100,1.0,0.001,1,1,1,0.0005,600,0.4,Adam
0.5466666666666666,0.4235714285714286,0.3121014247620285,E-CDE-VAE,100,1.0,0.001,1,1,1,0.0005,600,0.4,Adam
0.0,0.07456349206349207,0.20505021487800126,E-CDE-VAE,100,1.0,0.001,1,1,1,0.0005,600,0.4,Adam
0.7533333333333333,0.6493650793650794,0.6582924533756576,E-CDE-VAE,100,1.0,0.001,1,1,1,0.0005,600,0.4,Adam
0.8433333333333334,0.8092063492063492,0.7973590322216483,E-CDE-VAE,100,1.0,0.001,1,1,1,0.0005,600,0.4,Adam
0.4133333333333333,0.4273015873015873,0.5356074096612021,E-CDE-VAE,100,1.0,0.001,1,1,1,0.0005,600,0.4,Adam
0.4966666666666666,0.468968253968254,0.5369414739886875,E-CDE-VAE,100,1.0,0.001,1,1,1,0.0005,600,0.4,Adam
1.0,1.0,0.9453159057145125,E-CDE-VAE,100,1.0,0.001,1,1,1,0.0005,600,0.4,Adam
1.0,1.0,1.0,E-CDE-VAE,100,1.0,0.001,1,1,1,0.0005,600,0.4,Adam
0.13,0.3023015873015873,0.46307764775644034,E-CDE-VAE,100,1.0,0.001,1,1,1,0.0005,600,0.4,Adam
0.4533333333333333,0.5496428571428572,0.5944946846668984,E-CDE-VAE,100,1.0,0.001,1,1,1,0.0005,600,0.4,Adam
1.0,1.0,0.9453159057145125,E-CDE-VAE,100,1.0,0.001,1,1,1,0.0005,600,0.4,Adam
0.2966666666666667,0.421031746031746,0.5767615923807875,E-CDE-VAE,100,1.0,0.001,1,1,1,0.0005,600,0.4,Adam
1.0,0.9354365079365079,0.8547425952960008,E-CDE-VAE,100,1.0,0.001,1,1,1,0.0005,600,0.4,Adam
0.8433333333333334,0.7614285714285715,0.6857127079147203,E-CDE-VAE,100,1.0,0.001,1,1,1,0.0005,600,0.4,Adam
1.0,0.9018253968253969,0.7778717038895058,E-CDE-VAE,100,1.0,0.001,1,1,1,0.0005,600,0.4,Adam
0.5466666666666666,0.40246031746031746,0.282082832243436,E-CDE-VAE,100,1.0,0.001,1,1,1,0.0005,600,0.4,Adam
1.0,1.0,0.9479474846618808,E-CDE-VAE,100,1.0,0.001,1,1,1,0.0005,600,0.4,Adam
1.0,1.0,1.0,E-CDE-VAE,100,1.0,0.001,1,1,1,0.0005,600,0.4,Adam
1.0,1.0,1.0,E-CDE-VAE,100,1.0,0.001,1,1,1,0.0005,600,0.4,Adam
0.2966666666666667,0.421031746031746,0.5767615923807875,E-CDE-VAE,100,1.0,0.001,1,1,1,0.0005,600,0.4,Adam
0.13,0.28563492063492063,0.4625836738510888,E-CDE-VAE,100,1.0,0.001,1,1,1,0.0005,600,0.4,Adam
0.96,0.8464285714285715,0.6821103432171542,E-CDE-VAE,100,1.0,0.001,1,1,1,0.0005,600,0.4,Adam
0.4133333333333333,0.4003571428571429,0.308125860852254,E-CDE-VAE,100,1.0,0.001,1,1,1,0.0005,600,0.4,Adam
1.0,1.0,0.980191133470932,E-CDE-VAE,100,1.0,0.001,1,1,1,0.0005,600,0.4,Adam
0.19666666666666666,0.27535714285714286,0.23799428190488564,E-CDE-VAE,100,1.0,0.001,1,1,1,0.0005,600,0.4,Adam
1.0,0.9788888888888889,0.8624932525764569,E-CDE-VAE,100,1.0,0.001,1,1,1,0.0005,600,0.4,Adam
0.96,0.8364285714285715,0.6775025000798994,E-CDE-VAE,100,1.0,0.001,1,1,1,0.0005,600,0.4,Adam
1.0,1.0,1.0,E-CDE-VAE,100,1.0,0.001,1,1,1,0.0005,600,0.4,Adam
0.4966666666666666,0.48007936507936505,0.5555379652167576,E-CDE-VAE,100,1.0,0.001,1,1,1,0.0005,600,0.4,Adam
0.5466666666666666,0.40246031746031746,0.281457832243436,E-CDE-VAE,100,1.0,0.001,1,1,1,0.0005,600,0.4,Adam
0.6133333333333333,0.5793650793650793,0.6161846102384028,E-CDE-VAE,100,1.0,0.001,1,1,1,0.0005,600,0.4,Adam
0.5466666666666666,0.546031746031746,0.618381297280291,E-CDE-VAE,100,1.0,0.001,1,1,1,0.0005,600,0.4,Adam
0.96,0.894325396825397,0.8229892843224885,E-CDE-VAE,100,1.0,0.001,1,1,1,0.0005,600,0.4,Adam
1.0,1.0,1.0,E-CDE-VAE,100,1.0,0.001,1,1,1,0.0005,600,0.4,Adam
0.5866666666666667,0.5826984126984126,0.6467443925183862,E-CDE-VAE,100,1.0,0.001,1,1,1,0.0005,600,0.4,Adam
0.96,0.8464285714285715,0.679169166746566,E-CDE-VAE,100,1.0,0.001,1,1,1,0.0005,600,0.4,Adam
1.0,1.0,0.9860244668042654,E-CDE-VAE,100,1.0,0.001,1,1,1,0.0005,600,0.4,Adam
0.5466666666666666,0.546031746031746,0.6284110591850529,E-CDE-VAE,100,1.0,0.001,1,1,1,0.0005,600,0.4,Adam
0.0,0.0,0.0,E-CDE-VAE,100,1.0,0.001,1,1,1,0.0005,600,0.4,Adam
1.0,0.9018253968253969,0.7288306164080157,E-CDE-VAE,100,1.0,0.001,1,1,1,0.0005,600,0.4,Adam
0.0,0.0,0.05351610077229272,E-CDE-VAE,100,1.0,0.001,1,1,1,0.0005,600,0.4,Adam
0.24666666666666667,0.28607142857142853,0.24335142476202853,E-CDE-VAE,100,1.0,0.001,1,1,1,0.0005,600,0.4,Adam
0.6133333333333333,0.46940476190476177,0.3350180914286952,E-CDE-VAE,100,1.0,0.001,1,1,1,0.0005,600,0.4,Adam
0.45666666666666667,0.3574603174603174,0.31077669750270365,E-CDE-VAE,100,1.0,0.001,1,1,1,0.0005,600,0.4,Adam
1.0,0.99,0.95642985089386,E-CDE-VAE,100,1.0,0.001,1,1,1,0.0005,600,0.4,Adam
0.0,0.0,0.0,E-CDE-VAE,100,1.0,0.001,1,1,1,0.0005,600,0.4,Adam
0.19666666666666666,0.35674603174603176,0.482287049465842,E-CDE-VAE,100,1.0,0.001,1,1,1,0.0005,600,0.4,Adam
0.0,0.06456349206349207,0.18055660906860596,E-CDE-VAE,100,1.0,0.001,1,1,1,0.0005,600,0.4,Adam
1.0,1.0,1.0,E-CDE-VAE,100,1.0,0.001,1,1,1,0.0005,600,0.4,Adam
1.0,1.0,0.980191133470932,E-CDE-VAE,100,1.0,0.001,1,1,1,0.0005,600,0.4,Adam
0.4966666666666666,0.490079365079365,0.5840589529579466,E-CDE-VAE,100,1.0,0.001,1,1,1,0.0005,600,0.4,Adam
0.96,0.8297619047619047,0.6677108334132327,E-CDE-VAE,100,1.0,0.001,1,1,1,0.0005,600,0.4,Adam
0.3466666666666667,0.3235714285714285,0.2621014247620285,E-CDE-VAE,100,1.0,0.001,1,1,1,0.0005,600,0.4,Adam
1.0,1.0,1.0,E-CDE-VAE,100,1.0,0.001,1,1,1,0.0005,600,0.4,Adam
0.0,0.09817460317460318,0.2157821422643404,E-CDE-VAE,100,1.0,0.001,1,1,1,0.0005,600,0.4,Adam
0.4533333333333333,0.42035714285714293,0.318125860852254,E-CDE-VAE,100,1.0,0.001,1,1,1,0.0005,600,0.4,Adam
0.5466666666666666,0.47702380952380946,0.5170001887087801,E-CDE-VAE,100,1.0,0.001,1,1,1,0.0005,600,0.4,Adam
0.5466666666666666,0.546031746031746,0.618381297280291,E-CDE-VAE,100,1.0,0.001,1,1,1,0.0005,600,0.4,Adam
0.5466666666666666,0.47146825396825404,0.5242521728357641,E-CDE-VAE,100,1.0,0.001,1,1,1,0.0005,600,0.4,Adam
0.6133333333333333,0.46940476190476177,0.3350180914286952,E-CDE-VAE,100,1.0,0.001,1,1,1,0.0005,600,0.4,Adam
1.0,0.99,0.8930281292065347,E-CDE-VAE,100,1.0,0.001,1,1,1,0.0005,600,0.4,Adam
1.0,1.0,1.0,E-CDE-VAE,100,1.0,0.001,1,1,1,0.0005,600,0.4,Adam
1.0,0.9788888888888889,0.9261478463916545,E-CDE-VAE,100,1.0,0.001,1,1,1,0.0005,600,0.4,Adam
0.0,0.03111111111111111,0.1723647753175617,E-CDE-VAE,100,1.0,0.001,1,1,1,0.0005,600,0.4,Adam
1.0,0.9043253968253968,0.7343394335712448,E-CDE-VAE,100,1.0,0.001,1,1,1,0.0005,600,0.4,Adam
0.4966666666666666,0.5067460317460317,0.6144871562905619,E-CDE-VAE,100,1.0,0.001,1,1,1,0.0005,600,0.4,Adam
1.0,1.0,1.0,E-CDE-VAE,100,1.0,0.001,1,1,1,0.0005,600,0.4,Adam
0.0,0.03111111111111111,0.16799708525908214,E-CDE-VAE,100,1.0,0.001,1,1,1,0.0005,600,0.4,Adam
0.4966666666666666,0.47563492063492063,0.5292766826396857,E-CDE-VAE,100,1.0,0.001,1,1,1,0.0005,600,0.4,Adam
0.0,0.03361111111111111,0.16474050631171372,E-CDE-VAE,100,1.0,0.001,1,1,1,0.0005,600,0.4,Adam
0.0,0.021111111111111112,0.15849050631171374,E-CDE-VAE,100,1.0,0.001,1,1,1,0.0005,600,0.4,Adam
0.7033333333333334,0.6579761904761906,0.6331531841051965,E-CDE-VAE,100,1.0,0.001,1,1,1,0.0005,600,0.4,Adam
0.0,0.0,0.0,E-CDE-VAE,100,1.0,0.001,1,1,1,0.0005,600,0.4,Adam
0.0,0.021111111111111112,0.16099050631171374,E-CDE-VAE,100,1.0,0.001,1,1,1,0.0005,600,0.4,Adam
1.0,0.9209920634920635,0.7258556746830741,E-CDE-VAE,100,1.0,0.001,1,1,1,0.0005,600,0.4,Adam
0.2966666666666667,0.31107142857142855,0.25585142476202855,E-CDE-VAE,100,1.0,0.001,1,1,1,0.0005,600,0.4,Adam
1.0,1.0,1.0,E-CDE-VAE,100,1.0,0.001,1,1,1,0.0005,600,0.4,Adam
0.19666666666666666,0.27535714285714286,0.23799428190488564,E-CDE-VAE,100,1.0,0.001,1,1,1,0.0005,600,0.4,Adam
0.5866666666666667,0.5996428571428571,0.6037459685137704,E-CDE-VAE,100,1.0,0.001,1,1,1,0.0005,600,0.4,Adam
0.2966666666666667,0.32535714285714284,0.26299428190488566,E-CDE-VAE,100,1.0,0.001,1,1,1,0.0005,600,0.4,Adam
1.0,0.99,0.9139084243070312,E-CDE-VAE,100,1.0,0.001,1,1,1,0.0005,600,0.4,Adam
0.7533333333333333,0.6493650793650794,0.6690433691265734,E-CDE-VAE,100,1.0,0.001,1,1,1,0.0005,600,0.4,Adam
0.0,0.03111111111111111,0.16973319637019327,E-CDE-VAE,100,1.0,0.001,1,1,1,0.0005,600,0.4,Adam
1.0,1.0,0.9974999999999999,E-CDE-VAE,100,1.0,0.001,1,1,1,0.0005,600,0.4,Adam
0.7533333333333333,0.6493650793650794,0.6582924533756576,E-CDE-VAE,100,1.0,0.001,1,1,1,0.0005,600,0.4,Adam
0.8433333333333334,0.7614285714285715,0.6857127079147203,E-CDE-VAE,100,1.0,0.001,1,1,1,0.0005,600,0.4,Adam
0.4533333333333333,0.5496428571428572,0.585157563454777,E-CDE-VAE,100,1.0,0.001,1,1,1,0.0005,600,0.4,Adam
0.0,0.0,0.0,E-CDE-VAE,100,1.0,0.001,1,1,1,0.0005,600,0.4,Adam
0.45666666666666667,0.3674603174603174,0.3227478513488576,E-CDE-VAE,100,1.0,0.001,1,1,1,0.0005,600,0.4,Adam
0.0,0.047896825396825396,0.16654400402658914,E-CDE-VAE,100,1.0,0.001,1,1,1,0.0005,600,0.4,Adam
1.0,0.99,0.95642985089386,E-CDE-VAE,100,1.0,0.001,1,1,1,0.0005,600,0.4,Adam
1.0,0.966388888888889,0.8706109426349364,E-CDE-VAE,100,1.0,0.001,1,1,1,0.0005,600,0.4,Adam
0.3466666666666667,0.3235714285714285,0.2621014247620285,E-CDE-VAE,100,1.0,0.001,1,1,1,0.0005,600,0.4,Adam
0.7033333333333334,0.6746428571428572,0.6448198507718631,E-CDE-VAE,100,1.0,0.001,1,1,1,0.0005,600,0.4,Adam
1.0,0.9209920634920635,0.7294218511536623,E-CDE-VAE,100,1.0,0.001,1,1,1,0.0005,600,0.4,Adam
0.4133333333333333,0.4148015873015873,0.5402079428569365,E-CDE-VAE,100,1.0,0.001,1,1,1,0.0005,600,0.4,Adam
0.8433333333333334,0.7880952380952382,0.6873605279739181,E-CDE-VAE,100,1.0,0.001,1,1,1,0.0005,600,0.4,Adam
0.2966666666666667,0.34202380952380956,0.271327615238219,E-CDE-VAE,100,1.0,0.001,1,1,1,0.0005,600,0.4,Adam
1.0,0.9521031746031747,0.8837622561906618,E-CDE-VAE,100,1.0,0.001,1,1,1,0.0005,600,0.4,Adam
1.0,1.0,1.0,E-CDE-VAE,100,1.0,0.001,1,1,1,0.0005,600,0.4,Adam
1.0,0.9043253968253968,0.7188684951958945,E-CDE-VAE,100,1.0,0.001,1,1,1,0.0005,600,0.4,Adam
1.0,1.0,1.0,E-CDE-VAE,100,1.0,0.001,1,1,1,0.0005,600,0.4,Adam
1.0,0.9788888888888889,0.890250351428757,E-CDE-VAE,100,1.0,0.001,1,1,1,0.0005,600,0.4,Adam
0.45666666666666667,0.3574603174603174,0.31077669750270365,E-CDE-VAE,100,1.0,0.001,1,1,1,0.0005,600,0.4,Adam
1.0,1.0,0.8877236420270476,E-CDE-VAE,100,1.0,0.001,1,1,1,0.0005,600,0.4,Adam
1.0,0.9521031746031747,0.860575928629334,E-CDE-VAE,100,1.0,0.001,1,1,1,0.0005,600,0.4,Adam
1.0,1.0,1.0,E-CDE-VAE,100,1.0,0.001,1,1,1,0.0005,600,0.4,Adam
0.4133333333333333,0.46507936507936504,0.5364537161325086,E-CDE-VAE,100,1.0,0.001,1,1,1,0.0005,600,0.4,Adam
0.8433333333333334,0.7714285714285716,0.6790271946405848,E-CDE-VAE,100,1.0,0.001,1,1,1,0.0005,600,0.4,Adam
1.0,1.0,0.971106884386683,E-CDE-VAE,100,1.0,0.001,1,1,1,0.0005,600,0.4,Adam
0.4966666666666666,0.4421825396825397,0.5187626133756165,E-CDE-VAE,100,1.0,0.001,1,1,1,0.0005,600,0.4,Adam
0.0,0.07456349206349207,0.14346135868775187,E-CDE-VAE,100,1.0,0.001,1,1,1,0.0005,600,0.4,Adam
1.0,1.0,1.0,E-CDE-VAE,100,1.0,0.001,1,1,1,0.0005,600,0.4,Adam
1.0,0.966388888888889,0.8192773815451835,E-CDE-VAE,100,1.0,0.001,1,1,1,0.0005,600,0.4,Adam
0.0,0.01,0.15200035323293837,E-CDE-VAE,100,1.0,0.001,1,1,1,0.0005,600,0.4,Adam
0.0,0.047896825396825396,0.1986163913485895,E-CDE-VAE,100,1.0,0.001,1,1,1,0.0005,600,0.4,Adam
0.5033333333333333,0.5579761904761906,0.596996884264686,E-CDE-VAE,100,1.0,0.001,1,1,1,0.0005,600,0.4,Adam
1.0,1.0,1.0,E-CDE-VAE,100,1.0,0.001,1,1,1,0.0005,600,0.4,Adam
1.0,0.925436507936508,0.8446110163486324,E-CDE-VAE,100,1.0,0.001,1,1,1,0.0005,600,0.4,Adam
0.4133333333333333,0.4148015873015873,0.5402079428569365,E-CDE-VAE,100,1.0,0.001,1,1,1,0.0005,600,0.4,Adam
0.0,0.0,0.0,E-CDE-VAE,100,1.0,0.001,1,1,1,0.0005,600,0.4,Adam
0.0,0.0,0.03557698214238462,E-CDE-VAE,100,1.0,0.001,1,1,1,0.0005,600,0.4,Adam
1.0,0.8664285714285714,0.7028612589680701,E-CDE-VAE,100,1.0,0.001,1,1,1,0.0005,600,0.4,Adam
0.3466666666666667,0.3360714285714285,0.26835142476202856,E-CDE-VAE,100,1.0,0.001,1,1,1,0.0005,600,0.4,Adam
1.0,1.0,0.9622326153808352,E-CDE-VAE,100,1.0,0.001,1,1,1,0.0005,600,0.4,Adam
0.0,0.06456349206349207,0.18191393230092917,E-CDE-VAE,100,1.0,0.001,1,1,1,0.0005,600,0.4,Adam
0.6133333333333333,0.5793650793650793,0.6138929435717361,E-CDE-VAE,100,1.0,0.001,1,1,1,0.0005,600,0.4,Adam
0.45666666666666667,0.42218253968253966,0.5006898579576599,E-CDE-VAE,100,1.0,0.001,1,1,1,0.0005,600,0.4,Adam
1.0,0.9521031746031747,0.8867034326612501,E-CDE-VAE,100,1.0,0.001,1,1,1,0.0005,600,0.4,Adam
0.4133333333333333,0.4484126984126983,0.5361332033119959,E-CDE-VAE,100,1.0,0.001,1,1,1,0.0005,600,0.4,Adam
1.0,1.0,1.0,E-CDE-VAE,100,1.0,0.001,1,1,1,0.0005,600,0.4,Adam
1.0,1.0,1.0,E-CDE-VAE,100,1.0,0.001,1,1,1,0.0005,600,0.4,Adam
1.0,0.99,0.9068773355557411,E-CDE-VAE,100,1.0,0.001,1,1,1,0.0005,600,0.4,Adam
0.4533333333333333,0.42035714285714293,0.318125860852254,E-CDE-VAE,100,1.0,0.001,1,1,1,0.0005,600,0.4,Adam
1.0,0.9143253968253969,0.7868994816672835,E-CDE-VAE,100,1.0,0.001,1,1,1,0.0005,600,0.4,Adam
0.45666666666666667,0.2928968253968254,0.2196306316662354,E-CDE-VAE,100,1.0,0.001,1,1,1,0.0005,600,0.4,Adam
0.6133333333333333,0.5818650793650793,0.6237396888886826,E-CDE-VAE,100,1.0,0.001,1,1,1,0.0005,600,0.4,Adam
0.0,0.0,0.03557698214238462,E-CDE-VAE,100,1.0,0.001,1,1,1,0.0005,600,0.4,Adam
0.6133333333333333,0.5273015873015873,0.5964579428569365,E-CDE-VAE,100,1.0,0.001,1,1,1,0.0005,600,0.4,Adam
0.0,0.021111111111111112,0.16049708525908216,E-CDE-VAE,100,1.0,0.001,1,1,1,0.0005,600,0.4,Adam
0.0,0.03361111111111111,0.16474050631171372,E-CDE-VAE,100,1.0,0.001,1,1,1,0.0005,600,0.4,Adam
1.0,1.0,1.0,E-CDE-VAE,100,1.0,0.001,1,1,1,0.0005,600,0.4,Adam
0.4133333333333333,0.4148015873015873,0.5402079428569365,E-CDE-VAE,100,1.0,0.001,1,1,1,0.0005,600,0.4,Adam
0.13,0.2898015873015873,0.46039907632786886,E-CDE-VAE,100,1.0,0.001,1,1,1,0.0005,600,0.4,Adam
0.09,0.28674603174603175,0.45215686317466497,E-CDE-VAE,100,1.0,0.001,1,1,1,0.0005,600,0.4,Adam
1.0,0.99,0.9035440022224078,E-CDE-VAE,100,1.0,0.001,1,1,1,0.0005,600,0.4,Adam
1.0,1.0,0.9891494668042654,E-CDE-VAE,100,1.0,0.001,1,1,1,0.0005,600,0.4,Adam
1.0,1.0,1.0,E-CDE-VAE,100,1.0,0.001,1,1,1,0.0005,600,0.4,Adam
0.45666666666666667,0.3674603174603174,0.3227478513488576,E-CDE-VAE,100,1.0,0.001,1,1,1,0.0005,600,0.4,Adam
1.0,0.9018253968253969,0.7288306164080157,E-CDE-VAE,100,1.0,0.001,1,1,1,0.0005,600,0.4,Adam
1.0,1.0,0.9614298508938601,E-CDE-VAE,100,1.0,0.001,1,1,1,0.0005,600,0.4,Adam
1.0,1.0,1.0,E-CDE-VAE,100,1.0,0.001,1,1,1,0.0005,600,0.4,Adam
0.5866666666666667,0.5826984126984126,0.6467443925183862,E-CDE-VAE,100,1.0,0.001,1,1,1,0.0005,600,0.4,Adam
0.4966666666666666,0.49992063492063493,0.5479116383702296,E-CDE-VAE,100,1.0,0.001,1,1,1,0.0005,600,0.4,Adam
1.0,1.0,1.0,E-CDE-VAE,100,1.0,0.001,1,1,1,0.0005,600,0.4,Adam
0.4533333333333333,0.42035714285714293,0.318125860852254,E-CDE-VAE,100,1.0,0.001,1,1,1,0.0005,600,0.4,Adam
0.0,0.047896825396825396,0.18786547559767372,E-CDE-VAE,100,1.0,0.001,1,1,1,0.0005,600,0.4,Adam
0.5466666666666666,0.481468253968254,0.5376027060314985,E-CDE-VAE,100,1.0,0.001,1,1,1,0.0005,600,0.4,Adam
1.0,1.0,1.0,E-CDE-VAE,100,1.0,0.001,1,1,1,0.0005,600,0.4,Adam
1.0,0.9452777777777779,0.8244239607571651,E-CDE-VAE,100,1.0,0.001,1,1,1,0.0005,600,0.4,Adam
0.2966666666666667,0.38563492063492066,0.48968603936483196,E-CDE-VAE,100,1.0,0.001,1,1,1,0.0005,600,0.4,Adam
0.5033333333333333,0.5579761904761906,0.596996884264686,E-CDE-VAE,100,1.0,0.001,1,1,1,0.0005,600,0.4,Adam
1.0,0.99,0.9139084243070312,E-CDE-VAE,100,1.0,0.001,1,1,1,0.0005,600,0.4,Adam
0.4533333333333333,0.42035714285714293,0.318125860852254,E-CDE-VAE,100,1.0,0.001,1,1,1,0.0005,600,0.4,Adam
0.0,0.09150793650793651,0.2300390454918319,E-CDE-VAE,100,1.0,0.001,1,1,1,0.0005,600,0.4,Adam
0.4133333333333333,0.4003571428571429,0.30049428190488564,E-CDE-VAE,100,1.0,0.001,1,1,1,0.0005,600,0.4,Adam
1.0,0.9354365079365079,0.8590530071064126,E-CDE-VAE,100,1.0,0.001,1,1,1,0.0005,600,0.4,Adam
0.96,0.881825396825397,0.829400625174619,E-CDE-VAE,100,1.0,0.001,1,1,1,0.0005,600,0.4,Adam
1.0,0.9788888888888889,0.8624932525764569,E-CDE-VAE,100,1.0,0.001,1,1,1,0.0005,600,0.4,Adam
0.2966666666666667,0.421031746031746,0.5494355259893184,E-CDE-VAE,100,1.0,0.001,1,1,1,0.0005,600,0.4,Adam
1.0,1.0,1.0,E-CDE-VAE,100,1.0,0.001,1,1,1,0.0005,600,0.4,Adam
0.5466666666666666,0.40246031746031746,0.2757388779950699,E-CDE-VAE,100,1.0,0.001,1,1,1,0.0005,600,0.4,Adam
0.2966666666666667,0.43353174603174593,0.5805115923807874,E-CDE-VAE,100,1.0,0.001,1,1,1,0.0005,600,0.4,Adam
0.4133333333333333,0.4273015873015873,0.5464579428569365,E-CDE-VAE,100,1.0,0.001,1,1,1,0.0005,600,0.4,Adam
0.7033333333333334,0.6746428571428572,0.6414865174385298,E-CDE-VAE,100,1.0,0.001,1,1,1,0.0005,600,0.4,Adam
1.0,1.0,0.980191133470932,E-CDE-VAE,100,1.0,0.001,1,1,1,0.0005,600,0.4,Adam
0.8033333333333333,0.703531746031746,0.7049706567082727,E-CDE-VAE,100,1.0,0.001,1,1,1,0.0005,600,0.4,Adam
0.8433333333333334,0.7714285714285716,0.681968371111173,E-CDE-VAE,100,1.0,0.001,1,1,1,0.0005,600,0.4,Adam
0.13,0.28563492063492063,0.4571424973805005,E-CDE-VAE,100,1.0,0.001,1,1,1,0.0005,600,0.4,Adam
0.7433333333333334,0.7325396825396826,0.6673099301369426,E-CDE-VAE,100,1.0,0.001,1,1,1,0.0005,600,0.4,Adam
1.0,0.99,0.9150819240099427,E-CDE-VAE,100,1.0,0.001,1,1,1,0.0005,600,0.4,Adam
0.4533333333333333,0.5329761904761905,0.5868825051797188,E-CDE-VAE,100,1.0,0.001,1,1,1,0.0005,600,0.4,Adam
0.2966666666666667,0.40674603174603174,0.5696187352379304,E-CDE-VAE,100,1.0,0.001,1,1,1,0.0005,600,0.4,Adam
0.04,0.2617460317460317,0.4289719282695289,E-CDE-VAE,100,1.0,0.001,1,1,1,0.0005,600,0.4,Adam
0.6533333333333333,0.5993650793650793,0.6377688593226518,E-CDE-VAE,100,1.0,0.001,1,1,1,0.0005,600,0.4,Adam
0.8433333333333334,0.7589285714285715,0.6849147996826015,E-CDE-VAE,100,1.0,0.001,1,1,1,0.0005,600,0.4,Adam
0.3866666666666666,0.49964285714285717,0.559817397085199,E-CDE-VAE,100,1.0,0.001,1,1,1,0.0005,600,0.4,Adam
1.0,0.9521031746031747,0.8867034326612501,E-CDE-VAE,100,1.0,0.001,1,1,1,0.0005,600,0.4,Adam
1.0,0.9421031746031747,0.8052896974027005,E-CDE-VAE,100,1.0,0.001,1,1,1,0.0005,600,0.4,Adam
0.96,0.8575396825396826,0.6876658987727098,E-CDE-VAE,100,1.0,0.001,1,1,1,0.0005,600,0.4,Adam
1.0,0.9788888888888889,0.8764687857721913,E-CDE-VAE,100,1.0,0.001,1,1,1,0.0005,600,0.4,Adam
0.0,0.08567460317460318,0.20381318801597442,E-CDE-VAE,100,1.0,0.001,1,1,1,0.0005,600,0.4,Adam
0.13,0.2898015873015873,0.45432764775644036,E-CDE-VAE,100,1.0,0.001,1,1,1,0.0005,600,0.4,Adam
0.0,0.0,0.028789651825642536,E-CDE-VAE,100,1.0,0.001,1,1,1,0.0005,600,0.4,Adam
0.5866666666666667,0.566031746031746,0.6413522356556411,E-CDE-VAE,100,1.0,0.001,1,1,1,0.0005,600,0.4,Adam
0.0,0.0,0.0,E-CDE-VAE,100,1.0,0.001,1,1,1,0.0005,600,0.4,Adam
0.4133333333333333,0.4273015873015873,0.5439579428569365,E-CDE-VAE,100,1.0,0.001,1,1,1,0.0005,600,0.4,Adam
0.4966666666666666,0.45646825396825397,0.5363148272436197,E-CDE-VAE,100,1.0,0.001,1,1,1,0.0005,600,0.4,Adam
0.5866666666666667,0.566031746031746,0.6413522356556411,E-CDE-VAE,100,1.0,0.001,1,1,1,0.0005,600,0.4,Adam
0.0,0.0,0.0,E-CDE-VAE,100,1.0,0.001,1,1,1,0.0005,600,0.4,Adam
0.0,0.06456349206349207,0.1723773373599225,E-CDE-VAE,100,1.0,0.001,1,1,1,0.0005,600,0.4,Adam
1.0,1.0,1.0,E-CDE-VAE,100,1.0,0.001,1,1,1,0.0005,600,0.4,Adam
0.4966666666666666,0.5446428571428571,0.6385671479363431,E-CDE-VAE,100,1.0,0.001,1,1,1,0.0005,600,0.4,Adam
1.0,0.966388888888889,0.9367149386131585,E-CDE-VAE,100,1.0,0.001,1,1,1,0.0005,600,0.4,Adam
0.5466666666666666,0.5006349206349207,0.5388355061690975,E-CDE-VAE,100,1.0,0.001,1,1,1,0.0005,600,0.4,Adam
1.0,0.8807142857142857,0.7141707827775938,E-CDE-VAE,100,1.0,0.001,1,1,1,0.0005,600,0.4,Adam
0.4533333333333333,0.5396428571428571,0.5694066477038613,E-CDE-VAE,100,1.0,0.001,1,1,1,0.0005,600,0.4,Adam
1.0,0.99,0.8859879267619206,E-CDE-VAE,100,1.0,0.001,1,1,1,0.0005,600,0.4,Adam
0.5466666666666666,0.5696428571428571,0.651067147936343,E-CDE-VAE,100,1.0,0.001,1,1,1,0.0005,600,0.4,Adam
0.5866666666666667,0.6163095238095238,0.6107991288467295,E-CDE-VAE,100,1.0,0.001,1,1,1,0.0005,600,0.4,Adam
1.0,0.968888888888889,0.9071579474017554,E-CDE-VAE,100,1.0,0.001,1,1,1,0.0005,600,0.4,Adam
1.0,1.0,0.9614298508938601,E-CDE-VAE,100,1.0,0.001,1,1,1,0.0005,600,0.4,Adam
1.0,1.0,0.9920906432748536,E-CDE-VAE,100,1.0,0.001,1,1,1,0.0005,600,0.4,Adam
0.0,0.0690079365079365,0.2119497246819228,E-CDE-VAE,100,1.0,0.001,1,1,1,0.0005,600,0.4,Adam
0.2966666666666667,0.29857142857142854,0.24960142476202854,E-CDE-VAE,100,1.0,0.001,1,1,1,0.0005,600,0.4,Adam
0.0,0.0,0.017308866529067764,E-CDE-VAE,100,1.0,0.001,1,1,1,0.0005,600,0.4,Adam
0.0,0.0790079365079365,0.21875708398928212,E-CDE-VAE,100,1.0,0.001,1,1,1,0.0005,600,0.4,Adam
0.4966666666666666,0.468968253968254,0.5391318764654678,E-CDE-VAE,100,1.0,0.001,1,1,1,0.0005,600,0.4,Adam
1.0,1.0,1.0,E-CDE-VAE,100,1.0,0.001,1,1,1,0.0005,600,0.4,Adam
1.0,0.966388888888889,0.9337737621425702,E-CDE-VAE,100,1.0,0.001,1,1,1,0.0005,600,0.4,Adam
0.4533333333333333,0.42035714285714293,0.318125860852254,E-CDE-VAE,100,1.0,0.001,1,1,1,0.0005,600,0.4,Adam
1.0,1.0,1.0,E-CDE-VAE,100,1.0,0.001,1,1,1,0.0005,600,0.4,Adam
1.0,0.9521031746031747,0.8748039228573286,E-CDE-VAE,100,1.0,0.001,1,1,1,0.0005,600,0.4,Adam
0.96,0.894325396825397,0.8323887941264102,E-CDE-VAE,100,1.0,0.001,1,1,1,0.0005,600,0.4,Adam
1.0,1.0,1.0,E-CDE-VAE,100,1.0,0.001,1,1,1,0.0005,600,0.4,Adam
1.0,0.9354365079365079,0.8580759286293341,E-CDE-VAE,100,1.0,0.001,1,1,1,0.0005,600,0.4,Adam
0.5466666666666666,0.481468253968254,0.5321933493063524,E-CDE-VAE,100,1.0,0.001,1,1,1,0.0005,600,0.4,Adam
0.0,0.03111111111111111,0.16799708525908214,E-CDE-VAE,100,1.0,0.001,1,1,1,0.0005,600,0.4,Adam
1.0,0.9018253968253969,0.726052838630238,E-CDE-VAE,100,1.0,0.001,1,1,1,0.0005,600,0.4,Adam
1.0,0.9421031746031747,0.8023485209321123,E-CDE-VAE,100,1.0,0.001,1,1,1,0.0005,600,0.4,Adam
1.0,0.9452777777777779,0.8226973591853621,E-CDE-VAE,100,1.0,0.001,1,1,1,0.0005,600,0.4,Adam
0.0,0.021111111111111112,0.16497349120607635,E-CDE-VAE,100,1.0,0.001,1,1,1,0.0005,600,0.4,Adam
1.0,0.925436507936508,0.7985212136934273,E-CDE-VAE,100,1.0,0.001,1,1,1,0.0005,600,0.4,Adam
0.45666666666666667,0.470079365079365,0.5689273740105782,E-CDE-VAE,100,1.0,0.001,1,1,1,0.0005,600,0.4,Adam
0.2966666666666667,0.421031746031746,0.5767615923807875,E-CDE-VAE,100,1.0,0.001,1,1,1,0.0005,600,0.4,Adam
1.0,1.0,1.0,E-CDE-VAE,100,1.0,0.001,1,1,1,0.0005,600,0.4,Adam
0.45666666666666667,0.3674603174603174,0.3227478513488576,E-CDE-VAE,100,1.0,0.001,1,1,1,0.0005,600,0.4,Adam
0.4966666666666666,0.4856349206349206,0.5407687812273725,E-CDE-VAE,100,1.0,0.001,1,1,1,0.0005,600,0.4,Adam
0.4966666666666666,0.4421825396825397,0.5106898579576599,E-CDE-VAE,100,1.0,0.001,1,1,1,0.0005,600,0.4,Adam
0.2966666666666667,0.41103174603174597,0.5095333703963735,E-CDE-VAE,100,1.0,0.001,1,1,1,0.0005,600,0.4,Adam
0.5466666666666666,0.47146825396825404,0.5103762570848484,E-CDE-VAE,100,1.0,0.001,1,1,1,0.0005,600,0.4,Adam
0.2966666666666667,0.43353174603174593,0.5805115923807874,E-CDE-VAE,100,1.0,0.001,1,1,1,0.0005,600,0.4,Adam
0.4966666666666666,0.49992063492063493,0.5580410177198101,E-CDE-VAE,100,1.0,0.001,1,1,1,0.0005,600,0.4,Adam
0.4966666666666666,0.5067460317460317,0.6144871562905619,E-CDE-VAE,100,1.0,0.001,1,1,1,0.0005,600,0.4,Adam
1.0,0.966388888888889,0.9062695354181424,E-CDE-VAE,100,1.0,0.001,1,1,1,0.0005,600,0.4,Adam
1.0,0.966388888888889,0.9367149386131585,E-CDE-VAE,100,1.0,0.001,1,1,1,0.0005,600,0.4,Adam
0.0,0.06456349206349207,0.1906260535130504,E-CDE-VAE,100,1.0,0.001,1,1,1,0.0005,600,0.4,Adam
0.7533333333333333,0.7375396825396825,0.6681489266667285,E-CDE-VAE,100,1.0,0.001,1,1,1,0.0005,600,0.4,Adam
0.13,0.29674603174603176,0.46269805293605604,E-CDE-VAE,100,1.0,0.001,1,1,1,0.0005,600,0.4,Adam
0.5466666666666666,0.48813492063492064,0.5355266826396857,E-CDE-VAE,100,1.0,0.001,1,1,1,0.0005,600,0.4,Adam
1.0,0.956388888888889,0.8198501369631399,E-CDE-VAE,100,1.0,0.001,1,1,1,0.0005,600,0.4,Adam
1.0,0.9184920634920637,0.7607792875768882,E-CDE-VAE,100,1.0,0.001,1,1,1,0.0005,600,0.4,Adam
0.96,0.8364285714285715,0.6849200824974818,E-CDE-VAE,100,1.0,0.001,1,1,1,0.0005,600,0.4,Adam
1.0,0.9209920634920635,0.7258556746830741,E-CDE-VAE,100,1.0,0.001,1,1,1,0.0005,600,0.4,Adam
1.0,0.968888888888889,0.9071579474017554,E-CDE-VAE,100,1.0,0.001,1,1,1,0.0005,600,0.4,Adam
0.45666666666666667,0.3574603174603174,0.3072052689312751,E-CDE-VAE,100,1.0,0.001,1,1,1,0.0005,600,0.4,Adam
1.0,1.0,0.9676419721059814,E-CDE-VAE,100,1.0,0.001,1,1,1,0.0005,600,0.4,Adam
1.0,0.9421031746031747,0.8059199495035407,E-CDE-VAE,100,1.0,0.001,1,1,1,0.0005,600,0.4,Adam
0.24666666666666667,0.31702380952380954,0.258827615238219,E-CDE-VAE,100,1.0,0.001,1,1,1,0.0005,600,0.4,Adam
0.4533333333333333,0.5496428571428572,0.5884285081963101,E-CDE-VAE,100,1.0,0.001,1,1,1,0.0005,600,0.4,Adam
1.0,0.9143253968253969,0.8390554607930769,E-CDE-VAE,100,1.0,0.001,1,1,1,0.0005,600,0.4,Adam
1.0,1.0,0.9153313325391499,E-CDE-VAE,100,1.0,0.001,1,1,1,0.0005,600,0.4,Adam
0.6533333333333333,0.5993650793650793,0.6440433691265735,E-CDE-VAE,100,1.0,0.001,1,1,1,0.0005,600,0.4,Adam
1.0,1.0,1.0,E-CDE-VAE,100,1.0,0.001,1,1,1,0.0005,600,0.4,Adam
0.2966666666666667,0.34202380952380956,0.271327615238219,E-CDE-VAE,100,1.0,0.001,1,1,1,0.0005,600,0.4,Adam
0.3466666666666667,0.3235714285714285,0.2621014247620285,E-CDE-VAE,100,1.0,0.001,1,1,1,0.0005,600,0.4,Adam
0.0,0.047896825396825396,0.18786547559767372,E-CDE-VAE,100,1.0,0.001,1,1,1,0.0005,600,0.4,Adam
1.0,1.0,1.0,E-CDE-VAE,100,1.0,0.001,1,1,1,0.0005,600,0.4,Adam
0.5466666666666666,0.47146825396825404,0.5103762570848484,E-CDE-VAE,100,1.0,0.001,1,1,1,0.0005,600,0.4,Adam
0.6133333333333333,0.45690476190476187,0.3287680914286952,E-CDE-VAE,100,1.0,0.001,1,1,1,0.0005,600,0.4,Adam
